100
-371873 -870757
-871918 -734173
938432 36453
0 -135412
700775 105137
439032 802361
836656 345896
542184 -774763
-732466 -235194
989988 -195750
120494 -349300
-1000000 -1000000
-611418 -632302
-1 -2
873881 -474460
-998931 942012
-932220 -765737
-538922 -333922
157810 -840375
1 -1
-256060 546403
413610 -815069
-731827 -339059
-1 0
46851 425983
-44493 489659
-905764 -284749
212313 -953421
855609 -673656
-1 1
220570 797519
-179434 960307
778381 982966
-254691 -824717
231823 424262
801790 349781
-83156 -269790
1 0
1 -2
-611899 -895810
-540438 0
0 1
291685 -526104
0 -1
-640805 -874232
653608 -919506
120343 590867
0 -107479
-197941 -122309
514107 -454271
-951425 -842086
35860 -929766
290412 718904
-462414 205019
897172 921966
422721 435366
391708 329176
-2 -1
304589 0
-391956 0
-913227 0
304590 0
778406 -194683
1 1
467328 941060
-936484 453404
-633890 -39131
-943318 -729171
-576931 309511
-87707 70065
-943151 960688
-2 1
-874674 41313
-548980 -968795
-768981 -104486
0 -138486
-2 0
-2 -2
-270094 835230
0 -2
227980 -586681
-543893 -432204
128432 523920
568369 -666109
892796 976355
1000000 1000000
-651196 -552290
-48127 974742
-138469 -741142
231822 424262
-153147 -140854
147129 -740836
-360520 731674
-933643 579300
-25713 728790
-226717 284601
466258 -430881
-161168 600327
-719158 -657121
-1 -1
