0
0
0
0
0
0
0
0
0
0
0
0
0
0
0
0
0
0
0
0
0
0
0
0
0
2 41 326 41 338
2 41 326 41 338
1 41 323
2 38 320 38 332
2 37 314 35 326
2 46 308 44 323
2 58 308 56 323
2 73 311 71 326
2 85 320 83 332
1 95 338
2 92 334 92 344
1 98 332
1 95 329
1 89 326
3 80 335 89 320 89 335
1 95 317
2 106 314 104 329
1 131 317
1 155 323
1 179 329
4 184 335 182 344 197 335 197 344
2 196 344 212 344
2 200 344 212 344
2 197 344 212 344
2 188 347 206 347
3 179 344 194 335 194 344
2 185 329 185 341
2 182 323 182 335
1 182 317
1 185 314
2 197 311 197 323
1 212 308
1 230 311
1 248 311
2 247 320 263 320
2 265 320 281 320
2 274 326 290 326
2 277 329 293 329
2 274 332 293 332
2 269 335 287 335
2 265 335 284 335
2 281 329 281 338
2 281 323 281 335
2 269 332 284 320
1 293 314
1 311 314
1 329 314
1 350 317
1 371 323
1 389 326
2 388 335 404 335
2 394 338 410 338
2 395 341 413 341
2 392 341 413 341
2 389 341 407 341
2 383 341 404 341
2 377 340 398 338
2 373 335 392 335
1 389 326
2 392 320 392 332
1 398 314
1 413 311
1 431 311
2 433 317 452 317
2 457 320 476 320
2 478 323 497 323
2 496 326 515 326
2 508 329 527 329
2 511 332 530 332
2 506 337 527 335
2 500 337 518 335
2 491 337 512 335
2 506 326 506 338
2 503 320 503 332
1 488 326
1 515 308
2 533 305 533 320
1 554 320
2 578 314 578 323
1 596 326
2 592 326 608 326
2 595 332 611 332
2 595 335 611 335
2 592 335 611 335
1 584 338
1 596 323
1 593 317
1 590 305
1 593 290
1 599 275
1 608 266
2 617 263 617 275
1 605 275
1 608 275
1 605 275
1 599 275
1 605 272
3 584 266 599 251 599 266
3 575 254 590 239 590 254
2 584 224 584 242
2 581 206 581 224
2 578 188 578 206
2 572 185 581 185
2 583 149 581 170
2 592 137 590 158
2 593 152 602 134
1 599 149
1 602 152
1 599 155
1 593 155
1 596 152
1 587 128
2 566 137 578 119
2 566 106 566 122
2 566 91 566 110
2 568 74 566 95
2 574 62 572 80
2 583 50 581 71
2 595 47 593 65
1 599 62
2 605 62 614 62
3 602 62 614 47 614 62
1 611 62
2 599 47 599 62
1 575 62
1 560 59
1 545 53
1 539 44
2 539 20 539 35
2 544 14 542 29
1 554 11
1 554 29
1 557 29
1 569 32
1 548 38
1 530 41
1 509 44
1 488 47
1 467 44
2 455 41 464 41
2 454 17 452 35
2 457 11 455 32
2 460 8 458 26
2 466 8 464 26
2 475 11 473 29
2 481 17 479 35
2 481 23 479 38
1 470 44
1 458 47
2 446 29 446 50
2 428 31 428 50
2 407 28 407 47
2 389 25 389 44
2 374 19 374 38
2 370 11 368 32
2 370 8 368 29
2 376 8 374 29
2 385 11 383 32
2 391 17 389 35
2 392 23 392 41
2 388 29 386 47
2 374 34 374 50
2 356 37 356 53
2 335 34 335 53
2 314 29 314 50
2 293 28 293 44
2 275 22 275 38
2 266 16 266 35
2 265 11 263 29
2 268 8 266 29
2 274 8 272 29
2 283 11 281 32
2 289 17 287 35
2 292 23 290 41
2 286 29 284 47
2 272 37 272 53
2 253 35 251 56
2 230 34 230 53
2 212 28 212 47
2 194 17 194 41
2 190 11 188 32
2 190 5 188 26
2 196 5 194 23
2 205 5 203 26
2 214 11 212 32
2 217 17 215 38
2 214 26 212 47
2 205 29 203 50
2 187 32 185 53
2 163 32 161 53
2 140 34 140 53
2 119 31 119 50
2 104 25 104 44
2 94 14 92 35
2 88 11 86 32
2 88 11 86 32
2 91 14 89 35
2 100 20 98 41
2 106 29 104 47
2 106 35 104 56
2 100 44 98 62
2 86 50 86 71
2 70 53 68 74
2 50 55 50 74
2 37 47 35 68
2 28 41 26 62
2 28 32 26 53
2 31 26 29 47
2 37 23 35 44
2 46 23 44 44
2 52 29 50 50
2 55 41 53 62
2 58 56 56 77
2 55 71 53 92
2 43 86 41 104
2 31 95 29 116
2 22 101 20 122
2 16 104 14 122
2 13 101 11 122
2 19 98 17 119
2 25 101 23 122
2 34 113 32 131
2 40 128 38 146
2 46 146 44 164
2 46 161 44 179
2 40 173 38 191
2 31 182 29 200
2 23 185 23 203
2 16 185 14 206
2 10 182 8 200
2 10 176 8 197
2 16 176 14 194
2 22 179 20 200
2 31 188 29 209
2 40 203 38 221
2 35 236 47 236
1 47 230
2 41 242 41 260
1 35 251
1 29 257
2 23 257 23 272
2 17 251 17 269
2 13 245 11 263
2 16 239 14 260
2 22 239 20 257
2 28 245 26 263
2 29 272 38 254
1 35 284
1 53 296
2 53 293 53 308
1 50 305
1 47 314
1 38 320
1 32 326
1 23 326
1 20 326
2 7 335 17 335
0
0
0
0
0
0
0
0
0
0
0
0
0
0
0
0
0
0
0
0
0
0
0
0
0
0
0
0
0
0
0
0
0
0
0
0
0
0
0
0
0
0
0
0
0
0
0
0
0
0
0
0
0
0
0
0
0
0
0
0
0
0
0
0
0
0
0
0
0
0
0
0
0
0
0
0
0
0
0
0
0
0
0
0
0
0
0
0
0
0
0
0
0
0
0
0
0
0
0
0
0
0
0
0
0
0
0
0
0
0
0
0
0
0
0
0
0
0
0
0
0
0
0
0
0
0
0
0
0
0
0
0
0
0
0
0
0
0
0
0
0
0
0
0
0
0
0
0
0
0
0
0
0
0
0
0
0
0
0
0
0
0
0
0
0
0
0
0
0
0
0
0
0
0
0
0
0
0
0
0
0
0
0
0
0
0
0
0
0
0
0
0
0
0
0
0
0
0
0
0
0
0
0
0
0
0
0
0
0
0
0
0
0
0
0
0
0
0
0
0
0
0
0
0
0
0
0
0
0
0
0
