0
0
0
0
0
0
0
0
0
0
0
0
0
0
0
0
0
0
0
0
0
0
2 14 302 26 302
1 26 302
1 20 302
1 32 287
1 44 293
1 65 299
1 89 323
1 107 293
1 113 311
1 83 305
1 74 299
1 62 314
2 59 302 77 320
1 77 284
3 68 332 86 293 86 332
1 101 326
1 119 344
4 122 329 122 344 143 302 143 329
1 134 332
1 167 311
1 164 308
1 143 269
2 119 290 119 305
1 125 305
2 107 287 122 311
2 131 296 131 311
1 152 311
1 182 296
1 212 299
1 218 296
1 239 287
3 233 305 245 305 263 317
1 224 299
3 218 302 239 287 239 302
2 200 293 200 302
1 188 290
1 203 281
1 221 299
2 221 314 242 287
3 266 299 266 326 266 338
1 287 305
2 278 341 305 302
3 299 296 317 296 317 323
2 320 314 320 326
1 293 284
1 272 302
3 254 296 254 308 275 272
2 245 296 263 308
4 251 299 251 314 266 299 266 314
1 284 308
1 314 296
1 347 299
2 356 299 377 326
1 377 293
3 392 323 413 314 413 323
1 383 308
2 389 278 410 278
3 374 299 374 314 398 275
3 359 299 380 272 380 314
1 350 299
3 350 299 350 314 350 326
1 377 308
1 401 320
1 431 329
1 461 302
2 491 299 491 323
1 476 314
2 482 284 515 311
1 482 281
1 455 305
2 440 308 476 308
1 437 302
3 431 305 452 317 452 326
2 437 335 461 326
2 455 323 482 323
3 512 305 512 329 512 341
3 521 308 521 335 545 308
1 533 305
1 590 296
1 575 287
1 575 281
1 551 278
1 536 284
1 518 290
2 506 296 539 296
2 509 311 518 311
1 536 287
1 563 293
1 587 287
4 593 278 593 293 605 278 605 293
4 593 275 593 287 605 275 605 287
2 587 260 617 260
1 575 248
1 557 236
4 542 230 542 242 554 230 575 230
2 509 236 533 236
3 530 221 530 242 542 242
1 536 218
1 569 215
3 554 221 590 221 608 206
5 566 200 590 185 590 200 605 185 620 185
1 596 164
2 569 155 605 143
2 584 113 584 128
2 569 101 581 101
1 554 98
1 542 119
1 554 134
1 497 152
3 518 143 518 164 533 164
1 545 161
2 569 140 587 140
1 605 125
1 560 107
3 560 89 584 65 599 65
1 578 50
1 563 41
2 545 41 545 65
1 527 50
1 512 65
1 479 95
5 482 95 506 95 521 80 521 95 533 95
1 545 71
1 560 56
1 524 59
1 527 44
1 545 5
1 530 32
1 509 5
1 485 35
2 458 17 458 41
2 431 29 431 47
5 383 62 407 44 407 62 419 44 419 62
1 371 71
1 413 77
1 431 71
3 434 38 452 38 452 62
1 440 50
1 437 17
1 419 38
3 395 8 395 35 407 35
2 347 32 377 32
1 320 38
1 311 44
3 287 38 287 59 299 59
1 278 74
1 236 83
1 290 65
1 302 71
1 299 53
1 296 50
2 284 5 284 32
2 263 2 275 29
1 212 26
1 185 26
1 176 32
1 146 35
1 119 47
1 95 65
2 95 74 107 74
1 125 71
2 149 65 164 65
2 125 56 149 56
1 161 26
1 137 32
2 95 23 116 11
2 89 20 101 20
1 53 35
1 53 41
1 56 62
3 26 77 38 77 56 77
1 62 92
1 71 95
1 83 92
1 89 80
1 83 68
2 47 62 71 62
2 32 50 32 62
1 44 71
1 41 77
4 17 92 32 92 47 77 47 92
1 41 98
2 50 131 65 131
3 41 131 41 146 71 146
1 77 137
1 86 143
1 68 134
1 65 131
2 62 134 80 134
1 41 134
1 53 167
1 44 188
2 26 191 26 209
2 32 212 50 227
1 65 239
1 68 227
1 98 230
2 80 215 92 215
1 89 206
1 62 212
2 44 218 56 218
1 38 227
1 44 260
2 17 275 29 254
1 17 284
1 47 290
1 62 290
1 95 275
1 74 260
2 71 260 83 260
2 59 266 83 266
1 41 278
2 20 299 32 299
2 17 314 32 314
0
0
0
0
0
0
0
0
0
0
0
0
0
0
0
0
0
0
0
0
0
0
0
0
0
0
0
0
0
0
0
0
0
0
0
0
0
0
0
0
0
0
0
0
0
0
0
0
0
0
0
0
0
0
0
0
0
0
0
0
0
0
0
0
0
0
0
0
0
0
0
0
0
0
0
0
0
0
0
0
0
0
0
0
0
0
0
0
0
0
0
0
0
0
0
0
0
0
0
0
0
0
0
0
0
0
0
0
0
0
0
0
0
0
0
0
0
0
0
0
0
0
0
0
0
0
0
0
0
0
0
0
0
0
0
0
0
0
0
0
0
0
0
0
0
0
0
0
0
0
0
0
0
0
0
0
0
0
0
0
0
0
0
0
0
0
0
0
0
0
0
0
0
0
0
0
0
0
0
0
0
0
0
0
0
0
0
0
0
0
0
0
0
0
0
0
0
0
0
0
0
0
0
0
0
0
0
0
0
0
0
0
0
0
0
0
0
0
0
0
0
0
0
0
0
0
0
0
0
0
0
0
0
0
0
0
0
0
0
0
0
0
0
0
0
0
0
0
0
0
0
0
0
0
0
0
0
0
0
0
0
0
0
0
0
0
0
0
0
0
0
0
0
0
0
0
0
0
0
0
0
0
0
0
0
0
0
0
0
0
0
0
0
0
0
0
0
0
0
0
0
0
0
0
0
0
0
0
0
0
0
0
0
0
0
0
0
0
0
0
0
0
0
0
0
0
0
0
0
0
0
0
0
0
0
0
0
0
0
0
0
0
0
0
0
0
0
0
0
0
0
0
0
0
0
0
0
0
0
0
0
0
0
0
0
0
0
0
0
0
0
0
0
0
0
0
0
0
0
0
0
0
0
0
0
0
0
0
0
0
0
0
0
0
0
0
0
0
0
0
0
0
0
0
0
0
0
0
0
0
0
0
0
0
0
0
0
0
0
0
0
0
0
0
0
0
0
0
0
0
0
0
0
0
0
0
0
0
0
0
0
0
0
0
0
0
0
0
0
0
0
0
0
0
0
0
0
0
0
0
0
0
0
0
0
0
0
0
0
0
0
0
0
0
0
0
0
0
0
0
0
0
0
0
0
0
0
0
0
0
0
0
0
0
0
0
0
0
0
0
0
0
0
0
0
0
0
0
0
0
0
0
0
0
0
0
0
0
0
0
0
0
0
0
0
0
0
0
0
0
0
0
0
0
0
0
0
0
0
0
0
0
0
0
0
0
0
0
0
0
0
0
0
0
0
0
0
0
0
0
0
0
0
0
0
0
0
0
0
0
0
0
0
0
0
0
0
0
0
0
0
0
0
0
0
0
0
0
0
0
0
0
0
0
0
0
0
0
0
0
0
0
0
0
0
0
0
0
0
0
0
0
0
0
0
0
0
0
0
0
0
0
0
0
0
0
0
0
0
0
0
0
0
0
0
0
0
0
0
0
0
0
0
0
0
0
0
0
0
0
0
0
0
0
0
0
0
0
0
0
0
0
0
0
0
0
0
0
0
0
0
0
0
0
0
0
0
0
0
0
0
0
0
0
0
0
0
0
0
0
0
0
0
0
0
0
0
0
0
0
0
0
0
0
0
0
0
0
0
0
0
0
0
0
0
0
0
0
0
0
0
0
0
0
0
0
0
0
0
0
0
0
0
0
0
0
0
0
0
0
0
0
0
0
0
0
0
0
0
0
0
0
0
0
0
0
0
0
0
0
0
0
0
0
0
0
0
0
0
0
0
0
0
0
0
0
0
0
0
0
0
0
0
0
0
0
0
0
0
0
0
0
0
0
0
0
0
0
0
0
0
0
0
0
0
0
0
0
0
0
0
0
0
0
0
0
0
0
0
0
0
0
0
0
0
0
0
0
0
0
0
0
0
0
0
0
0
0
0
0
0
0
0
0
0
0
0
0
0
0
0
0
0
0
0
0
0
0
0
0
0
0
0
0
0
0
0
0
0
0
0
0
0
0
0
0
0
0
0
0
0
0
0
0
0
0
0
0
0
0
0
0
0
0
0
0
0
0
0
0
0
0
0
0
0
0
0
0
0
0
0
0
0
0
0
0
0
0
0
0
0
0
0
0
0
0
0
0
0
0
0
0
0
0
0
0
0
0
0
0
0
0
0
0
0
0
0
0
0
0
0
0
0
0
0
0
0
0
0
0
0
0
0
0
0
0
0
0
0
0
0
0
0
0
0
0
0
0
0
0
0
0
0
0
0
0
0
0
0
0
0
0
0
0
0
0
0
0
0
0
0
0
0
0
0
0
0
0
0
0
0
0
0
0
0
0
0
0
0
0
0
0
0
0
0
0
0
0
0
0
0
0
0
0
0
0
0
0
0
0
0
0
0
0
0
0
0
0
0
0
0
0
0
0
0
0
0
0
0
0
0
0
0
0
0
0
0
0
0
0
0
0
0
0
0
0
0
0
0
0
0
0
0
0
0
0
0
0
0
0
0
0
0
0
0
0
0
0
0
0
0
0
0
0
0
0
0
0
0
0
0
0
0
0
0
0
0
0
0
0
0
0
0
0
0
0
0
0
0
0
0
0
0
0
0
0
0
0
0
0
0
0
0
0
0
0
0
0
0
0
0
0
0
0
0
0
0
0
0
0
0
0
0
0
0
0
0
0
0
0
0
0
0
0
0
0
0
0
0
0
0
0
0
0
0
0
0
0
0
0
0
0
0
0
0
0
0
0
0
0
0
0
0
0
0
0
0
0
