0
0
0
0
0
0
0
0
0
0
0
0
0
0
0
0
1 142 182
1 173 188
1 176 191
1 179 191
1 182 188
2 182 176 392 188
2 359 167 359 179
1 380 167
2 356 155 377 155
1 383 149
2 374 140 392 140
2 389 137 410 137
1 131 137
1 122 143
2 89 152 116 152
1 110 164
1 110 179
1 116 194
1 125 203
2 143 212 425 212
2 161 212 404 212
1 356 212
2 338 200 365 200
1 326 188
1 341 173
1 215 152
2 209 116 350 116
2 347 104 368 104
3 182 113 371 98 392 98
3 134 107 398 95 422 95
1 455 104
2 452 110 482 110
1 473 119
1 512 137
1 515 155
2 92 185 485 185
1 503 200
3 107 224 458 224 488 224
4 122 218 122 227 434 236 464 236
1 440 236
2 380 233 413 233
1 386 224
1 332 215
2 221 179 314 191
1 332 155
1 227 137
5 197 128 221 92 317 92 317 128 341 113
1 356 74
1 383 65
2 146 86 389 62
1 422 65
1 485 65
3 80 95 110 71 512 71
2 68 104 98 104
1 89 134
2 86 155 557 131
1 86 176
1 86 200
1 59 221
3 101 221 101 236 485 236
2 119 248 452 248
3 143 254 410 254 446 254
1 368 257
2 326 236 359 236
1 293 215
3 242 161 242 173 242 182
2 248 122 248 146
1 245 116
3 302 92 302 113 320 92
1 200 77
3 209 65 209 83 374 44
1 185 74
3 128 68 416 44 449 44
2 104 71 485 44
1 518 41
1 542 50
1 77 101
4 38 122 38 137 68 137 578 122
2 563 140 563 161
4 35 188 65 188 563 167 563 188
2 68 197 68 212
1 539 236
5 86 242 512 242 512 254 539 242 539 254
1 470 272
3 137 272 425 284 458 284
3 170 266 374 281 410 281
1 326 251
1 287 236
1 209 191
1 242 161
1 266 125
1 302 68
3 212 77 329 50 329 77
2 365 41 365 65
4 164 53 380 41 410 41 410 53
2 422 44 458 44
3 77 59 467 44 500 44
3 86 53 506 53 536 53
4 41 92 71 32 539 62 566 62
4 32 116 59 95 59 116 584 116
1 596 107
3 53 170 578 149 578 170
1 56 200
2 62 209 62 227
5 38 239 38 251 68 239 68 251 548 251
2 80 254 521 254
1 515 299
5 119 284 119 293 437 284 437 293 473 311
1 386 308
1 338 302
2 206 263 335 278
3 191 263 224 251 224 263
1 233 206
1 206 191
1 269 158
2 227 95 260 125
2 281 95 296 95
1 320 77
2 350 38 350 56
4 158 35 158 50 365 50 383 50
1 422 41
1 80 35
2 65 38 509 23
1 545 29
1 572 38
1 593 77
3 41 95 608 35 608 68
1 35 113
1 32 110
5 32 107 32 128 32 140 602 128 602 152
1 38 176
3 38 176 38 194 590 176
1 41 224
1 41 248
2 14 278 44 278
4 23 275 23 287 23 302 545 302
7 38 302 38 326 68 281 68 302 476 281 476 302 506 326
2 428 296 428 311
5 128 308 377 308 377 329 413 308 413 329
2 158 305 329 329
4 185 293 185 314 287 293 326 293
1 203 272
1 212 248
1 248 221
3 191 197 221 170 245 197
1 227 158
1 230 98
1 227 71
2 287 80 302 68
1 329 62
2 185 38 359 53
1 395 44
1 428 38
5 77 32 107 11 107 32 440 11 464 32
2 59 32 509 32
4 44 26 44 41 512 41 542 41
1 575 50
5 26 44 26 65 53 65 572 65 599 35
2 23 71 47 89
1 47 110
1 47 131
1 41 152
1 38 176
1 38 200
2 38 206 38 224
5 41 209 41 227 41 239 41 248 578 248
3 50 239 557 248 581 248
1 557 293
2 92 293 497 314
3 89 335 455 317 488 335
1 410 329
2 365 329 365 341
1 362 329
1 233 308
1 245 290
2 221 287 248 275
4 215 260 245 260 275 245 275 260
3 239 218 272 218 272 233
3 242 185 269 185 269 200
2 227 173 239 152
1 263 116
1 224 77
2 221 47 221 62
3 269 56 281 26 281 56
1 296 41
3 197 23 197 35 314 11
3 182 29 338 11 338 29
1 365 20
1 395 11
4 101 17 131 17 428 5 428 17
2 119 11 461 11
2 74 23 104 8
2 62 32 92 11
1 50 41
1 41 53
1 35 62
2 32 53 56 53
0
0
0
0
0
0
0
0
0
0
0
0
0
0
0
0
0
0
0
0
0
0
0
0
0
0
0
0
0
0
0
0
0
0
0
0
0
0
0
0
0
0
0
0
0
0
0
0
0
0
0
0
0
0
0
0
0
0
0
0
0
0
0
0
0
0
0
0
0
0
0
0
0
0
0
0
0
0
0
0
0
0
0
0
0
0
0
0
0
0
0
0
0
0
0
0
0
0
0
0
0
0
0
0
0
0
0
0
0
0
0
0
0
0
0
0
0
0
0
0
0
0
0
0
0
0
0
0
0
0
0
0
0
0
0
0
0
0
0
0
0
0
0
0
0
0
0
0
0
0
0
0
0
0
0
0
0
0
0
0
0
0
0
0
0
0
0
0
0
0
0
0
0
0
0
0
0
0
0
0
0
0
0
0
0
0
0
0
0
0
0
0
0
0
0
0
0
0
0
0
0
0
0
0
0
0
0
0
0
0
0
0
0
0
0
0
0
0
0
0
0
0
0
0
0
0
0
0
0
0
0
0
0
0
0
0
0
0
0
0
0
0
0
0
0
0
0
0
0
0
0
0
0
0
0
0
0
0
0
0
0
0
0
0
0
0
0
0
0
0
0
0
0
0
0
0
0
0
0
0
0
0
0
0
0
0
0
0
0
0
0
0
0
0
0
0
0
0
0
0
0
0
0
0
0
0
0
0
0
0
0
0
0
0
0
0
0
0
0
0
0
0
0
0
0
0
0
0
0
0
0
0
0
0
0
0
0
0
0
0
0
0
0
0
0
0
0
0
0
0
0
0
0
0
0
0
0
0
0
0
0
0
0
0
0
0
0
0
0
0
0
0
0
0
0
0
0
0
0
0
0
0
0
0
0
0
0
0
0
0
0
0
0
0
0
0
0
0
0
0
0
0
0
0
0
0
0
0
0
0
0
0
0
0
0
0
0
0
0
0
0
0
0
0
0
0
0
0
0
0
0
0
0
0
0
0
0
0
0
0
0
0
0
0
0
0
0
0
0
0
0
0
0
0
0
0
0
0
0
0
0
0
0
0
0
0
0
0
0
0
0
0
0
0
0
0
0
0
0
0
0
0
0
0
0
0
0
0
0
0
0
0
0
0
0
0
0
0
0
0
0
0
0
0
0
0
0
0
0
0
0
0
0
0
0
0
0
0
0
0
0
0
0
0
0
0
0
0
0
0
0
0
0
0
0
0
0
0
0
0
0
0
0
0
0
0
0
0
0
0
0
0
0
0
0
0
0
0
0
0
0
0
0
0
0
0
0
0
0
0
0
0
0
0
0
0
0
0
0
0
0
0
0
0
0
0
0
0
0
0
0
0
0
0
0
0
0
0
0
0
0
0
0
0
0
0
0
0
0
0
0
0
0
0
0
0
0
0
0
0
0
0
0
0
0
0
0
0
0
0
0
0
0
0
0
0
0
0
0
0
0
0
0
0
0
0
0
0
0
0
0
0
0
0
0
0
0
0
0
0
0
0
0
0
0
0
0
0
