114 111 37
16 56 139
11
15
31
39
51
56
61
78
89
92
104
112
114
128
158
181
199
222
233
244
257
264
307
336
346
356
422
432
449
491
499
525
530
540
550
558
584
586
597
635
638
673
674
677
724
726
755
760
762
780
806
817
836
837
854
881
896
915
932
942
946
956
967
981
1052
1054
1056
1062
1119
1126
1150
1154
1182
1190
1206
1234
1325
1345
1347
1359
1378
1411
1412
1452
1466
1472
1495
1503
1529
1567
1605
1611
1634
1638
1644
1651
1674
1679
1682
1686
1724
1761
1797
1798
1820
1823
1825
1826
1883
1900
1950
1957
1969
2000
19
37
58
90
91
140
144
161
170
178
180
199
203
205
213
251
264
286
288
330
359
363
371
388
403
435
457
605
606
621
629
667
670
684
694
703
720
730
732
739
752
760
773
787
805
828
844
862
888
926
929
932
943
958
961
990
1008
1012
1037
1099
1105
1111
1131
1139
1155
1159
1171
1192
1208
1217
1222
1229
1264
1276
1283
1305
1307
1344
1345
1359
1362
1366
1380
1399
1413
1471
1500
1510
1511
1548
1552
1557
1580
1591
1634
1647
1668
1725
1752
1753
1764
1768
1799
1805
1849
1885
1891
1902
1921
1937
1943
58
73
132
182
213
226
331
452
460
477
547
561
588
636
660
829
860
949
1048
1123
1125
1138
1177
1209
1217
1236
1264
1273
1506
1664
1724
1726
1741
1744
1747
1817
1885
