273 244 187
93 142 207
6
9
20
22
35
67
77
88
103
108
111
112
125
128
131
133
135
141
143
144
146
154
156
158
163
164
169
177
199
203
212
215
223
226
228
229
239
243
248
258
261
268
274
295
315
318
330
356
359
368
377
378
382
390
391
393
395
401
420
426
429
431
435
447
451
452
454
463
482
488
501
502
514
532
534
560
565
575
578
582
602
610
613
615
618
621
635
637
667
673
674
696
706
711
722
723
731
747
751
752
755
756
758
760
777
778
789
799
802
809
810
816
821
832
842
851
863
871
873
879
897
901
906
907
934
948
954
959
973
975
976
980
986
987
995
997
1000
1001
1004
1006
1013
1015
1017
1022
1023
1025
1036
1045
1048
1053
1073
1092
1096
1102
1107
1121
1135
1154
1167
1173
1174
1180
1186
1206
1228
1232
1237
1245
1247
1251
1261
1268
1270
1285
1289
1291
1307
1317
1325
1327
1329
1338
1355
1370
1385
1395
1415
1423
1427
1430
1450
1456
1459
1468
1469
1476
1478
1485
1488
1530
1531
1533
1538
1548
1553
1561
1562
1568
1570
1572
1574
1591
1596
1599
1600
1601
1608
1617
1621
1626
1629
1635
1639
1644
1648
1652
1656
1664
1681
1690
1695
1696
1713
1745
1748
1756
1766
1772
1785
1786
1796
1799
1801
1818
1820
1830
1847
1848
1857
1868
1873
1877
1883
1885
1888
1889
1908
1917
1928
1932
1936
1937
1942
1943
1944
1947
1948
1949
1952
1961
1979
1983
1994
2
29
36
65
66
82
88
100
101
106
124
127
147
155
161
166
177
210
225
228
233
240
242
245
254
259
269
273
274
282
297
302
310
315
316
320
325
339
344
364
369
371
375
378
381
393
397
400
401
404
417
418
433
456
458
459
473
493
496
499
505
512
513
514
516
521
529
531
536
538
547
552
565
578
585
612
616
617
620
625
639
641
651
652
663
666
667
684
687
694
704
724
729
738
758
765
766
776
787
796
801
810
811
819
822
831
838
844
857
872
876
881
882
887
888
890
898
901
902
904
917
925
936
959
964
978
980
992
1004
1007
1015
1019
1038
1058
1069
1078
1089
1112
1117
1128
1144
1145
1149
1160
1164
1168
1179
1186
1192
1194
1196
1202
1204
1210
1219
1224
1235
1242
1260
1264
1276
1281
1306
1309
1311
1324
1325
1338
1357
1370
1371
1386
1388
1399
1405
1406
1414
1417
1431
1455
1458
1460
1472
1474
1477
1482
1488
1493
1510
1519
1564
1567
1570
1581
1585
1586
1600
1602
1603
1617
1625
1636
1638
1641
1642
1645
1650
1656
1660
1669
1672
1678
1689
1690
1716
1719
1728
1746
1748
1759
1761
1788
1816
1820
1824
1842
1845
1850
1868
1869
1873
1887
1890
1894
1897
1915
1954
1969
1972
1973
1978
1979
1980
1984
6
34
44
60
66
83
94
106
109
110
111
112
124
138
142
145
147
149
153
160
163
190
208
223
225
232
251
253
281
300
310
314
319
336
352
354
366
371
375
410
413
422
423
424
425
431
451
458
459
460
465
482
486
487
488
497
501
514
516
524
525
536
543
591
617
632
637
645
654
661
663
674
714
718
729
734
742
744
760
764
775
790
807
819
832
842
855
863
889
908
911
912
918
921
931
935
961
964
970
981
997
1000
1009
1016
1017
1083
1086
1090
1097
1103
1106
1109
1114
1132
1136
1153
1182
1201
1207
1212
1225
1247
1256
1262
1266
1273
1278
1281
1289
1290
1317
1331
1344
1345
1348
1351
1358
1364
1370
1373
1384
1407
1410
1413
1418
1424
1429
1490
1501
1511
1545
1548
1550
1561
1566
1574
1599
1600
1610
1623
1625
1642
1649
1655
1658
1693
1694
1702
1703
1709
1721
1724
1750
1756
1776
1791
1828
1829
1843
1858
1888
1912
1920
1937
1959
1967
1987
