40 91 88
99 195 251
8
40
100
122
161
214
221
250
270
358
412
415
483
510
525
597
702
736
889
923
978
1053
1108
1112
1135
1176
1223
1297
1299
1347
1379
1383
1392
1474
1538
1559
1617
1690
1706
1854
19
30
47
79
90
100
148
162
202
241
246
257
274
304
305
312
330
335
354
414
416
421
446
506
507
510
517
557
576
578
645
683
699
704
715
719
720
722
800
801
804
836
847
854
864
874
931
936
980
997
1006
1008
1019
1037
1050
1090
1146
1289
1336
1338
1355
1374
1410
1430
1481
1486
1491
1566
1570
1597
1605
1617
1646
1647
1690
1704
1734
1753
1782
1816
1843
1862
1864
1893
1903
1906
1914
1925
1936
1954
1967
42
93
170
174
176
194
230
269
286
303
348
420
463
465
476
478
537
565
628
690
719
728
743
749
761
773
779
827
872
875
876
883
907
916
918
947
949
991
1010
1037
1051
1052
1069
1079
1088
1101
1106
1113
1140
1153
1178
1191
1201
1224
1240
1243
1246
1248
1303
1305
1386
1543
1564
1577
1601
1616
1655
1693
1704
1708
1718
1736
1747
1753
1760
1775
1799
1809
1837
1842
1867
1882
1886
1910
1943
1967
1980
1989
