246 182 23
35 67 165
15
34
38
39
44
65
66
111
122
128
130
134
140
142
145
146
155
157
162
163
164
165
168
178
184
187
204
206
208
217
222
239
241
243
248
253
262
264
267
277
280
286
300
309
317
329
344
353
355
368
370
371
384
385
386
395
408
411
416
420
428
465
470
474
477
482
486
500
502
514
521
533
537
559
561
563
569
571
593
595
604
612
616
618
621
625
627
631
636
651
661
667
681
686
689
707
715
716
722
732
734
747
750
756
758
759
761
764
766
776
784
785
799
803
818
842
848
856
857
874
882
900
901
937
949
965
968
972
983
987
993
1000
1009
1027
1040
1053
1058
1063
1085
1103
1119
1132
1136
1158
1174
1184
1188
1196
1204
1211
1221
1230
1239
1244
1246
1250
1256
1257
1258
1272
1273
1275
1278
1279
1287
1303
1315
1322
1344
1348
1350
1351
1367
1369
1395
1415
1417
1418
1428
1429
1432
1434
1437
1449
1464
1472
1476
1480
1491
1499
1506
1513
1514
1522
1530
1534
1543
1551
1555
1569
1571
1575
1588
1598
1605
1606
1610
1614
1630
1631
1639
1645
1649
1651
1654
1657
1662
1665
1678
1714
1717
1723
1726
1730
1733
1766
1783
1808
1809
1819
1823
1833
1835
1843
1871
1876
1883
1907
1909
1923
1932
1939
1954
1961
1984
2000
9
14
18
27
62
66
82
90
99
100
113
118
143
144
145
153
156
163
166
169
184
185
211
219
233
239
242
250
254
255
260
275
279
283
294
298
315
335
340
343
352
360
362
385
395
402
411
433
441
446
461
471
473
480
486
495
497
499
528
534
541
561
598
601
609
613
660
667
676
709
712
743
749
755
771
790
792
799
802
805
818
820
823
824
829
834
842
858
862
889
893
897
921
926
929
944
957
976
992
1004
1012
1021
1027
1034
1048
1061
1073
1084
1090
1101
1137
1142
1150
1182
1222
1241
1295
1304
1344
1351
1353
1367
1368
1389
1395
1401
1405
1419
1425
1427
1439
1444
1488
1490
1508
1540
1544
1549
1553
1555
1568
1574
1578
1588
1598
1599
1613
1615
1623
1627
1628
1629
1637
1660
1662
1668
1680
1726
1745
1748
1750
1751
1752
1758
1770
1772
1778
1786
1797
1804
1814
1843
1864
1889
1896
1939
1953
1956
1957
1965
1971
1995
229
492
550
567
605
631
722
819
882
994
995
1181
1218
1230
1310
1419
1500
1570
1680
1692
1737
1750
1962
