271 209 123
3 47 102
9
23
28
38
40
43
71
87
88
96
109
123
141
145
146
165
169
171
174
182
211
212
215
219
222
232
235
254
256
267
269
278
293
316
337
345
347
352
356
363
364
374
384
414
418
420
423
426
429
430
437
440
444
449
450
451
454
455
466
467
468
472
481
491
500
504
510
523
530
535
537
545
553
556
560
579
581
597
602
609
613
629
633
635
639
648
659
664
667
668
674
680
683
684
703
707
710
715
721
726
730
731
734
740
745
748
759
773
778
782
793
802
804
819
820
826
829
831
838
839
844
850
861
862
865
874
875
880
886
887
892
900
901
902
907
914
924
929
938
939
943
959
964
968
969
974
988
989
998
1010
1011
1017
1054
1058
1062
1068
1078
1092
1094
1097
1108
1121
1125
1126
1132
1134
1154
1156
1163
1164
1175
1182
1191
1194
1204
1210
1214
1219
1224
1229
1236
1237
1239
1245
1248
1250
1252
1266
1278
1279
1286
1301
1308
1309
1327
1329
1331
1340
1341
1349
1350
1354
1359
1394
1416
1419
1423
1424
1446
1451
1462
1471
1476
1490
1500
1507
1514
1520
1523
1527
1535
1539
1548
1549
1552
1562
1578
1605
1606
1611
1626
1649
1655
1672
1696
1704
1715
1716
1742
1743
1746
1756
1761
1763
1767
1770
1790
1792
1808
1813
1819
1834
1863
1864
1868
1880
1901
1912
1913
1917
1921
1923
1924
1927
1946
1959
1965
1970
1974
1989
1998
3
13
18
28
31
41
43
46
63
78
79
81
87
88
108
125
134
140
142
156
167
180
199
202
229
252
262
264
277
284
302
312
321
323
338
354
361
370
385
388
397
398
401
425
432
437
454
470
486
509
513
522
532
556
557
559
562
563
571
587
597
600
609
614
637
639
661
669
674
676
686
690
702
703
713
718
727
729
736
740
753
755
772
774
778
789
804
806
818
820
828
848
852
858
873
896
900
904
909
911
914
920
922
926
933
934
941
972
986
993
1006
1008
1010
1015
1033
1037
1043
1046
1053
1067
1086
1095
1111
1134
1136
1139
1150
1185
1215
1225
1226
1230
1247
1252
1306
1319
1329
1343
1345
1360
1380
1388
1397
1404
1405
1423
1448
1450
1451
1462
1463
1465
1478
1480
1486
1505
1509
1527
1543
1545
1554
1566
1568
1569
1572
1593
1609
1631
1637
1644
1650
1655
1664
1665
1668
1672
1697
1698
1700
1712
1731
1737
1744
1766
1771
1787
1797
1823
1866
1872
1882
1884
1889
1895
1899
1904
1906
1930
1933
1947
1949
1966
1969
1970
1978
1984
1990
1994
1997
4
35
43
58
61
72
80
91
98
106
161
168
172
189
201
207
211
256
267
313
321
333
334
346
372
374
384
403
418
420
427
429
451
460
481
482
487
488
495
499
516
523
526
541
543
563
571
581
583
626
636
672
676
682
716
755
760
776
785
795
802
807
820
822
843
850
858
874
876
891
892
912
935
942
943
960
988
997
1013
1016
1027
1097
1104
1108
1137
1147
1164
1205
1209
1217
1222
1254
1261
1286
1305
1340
1350
1360
1411
1415
1436
1444
1470
1478
1546
1621
1642
1649
1650
1661
1690
1708
1755
1773
1785
1818
1864
1865
1884
1935
1959
1991
1997
