152 220 75
72 153 171
17
26
44
49
57
64
105
108
110
113
152
162
167
169
175
180
182
203
216
240
258
278
294
320
332
334
335
341
344
354
360
397
416
417
436
438
442
473
525
529
530
545
551
591
597
599
610
623
636
639
663
702
705
721
740
783
801
826
843
854
857
871
928
930
955
987
994
1006
1011
1060
1069
1073
1079
1089
1103
1116
1120
1148
1153
1187
1189
1201
1202
1208
1232
1247
1254
1258
1271
1285
1287
1290
1295
1298
1322
1326
1331
1361
1398
1420
1424
1435
1443
1447
1449
1452
1454
1465
1472
1474
1501
1503
1517
1524
1544
1547
1557
1575
1580
1585
1586
1589
1616
1640
1646
1657
1658
1660
1665
1683
1710
1724
1745
1747
1758
1790
1804
1808
1830
1832
1837
1848
1862
1864
1870
1887
1892
1896
1927
1928
1937
1970
8
12
26
34
45
51
75
77
99
103
112
114
117
124
134
143
145
151
159
163
173
174
175
189
194
195
202
208
215
228
229
257
260
271
275
276
281
282
283
285
298
304
306
310
312
314
315
338
340
348
350
359
363
365
381
390
402
415
417
423
425
442
463
481
491
495
499
502
503
532
545
556
559
564
582
584
587
588
591
619
624
629
669
673
700
715
720
744
750
752
759
769
772
774
776
783
795
809
810
814
822
824
833
843
850
851
859
873
876
884
908
919
951
959
960
961
965
967
972
1004
1005
1013
1018
1024
1034
1060
1076
1079
1123
1126
1134
1135
1149
1157
1161
1188
1189
1192
1193
1207
1209
1224
1226
1227
1235
1239
1252
1264
1275
1288
1311
1321
1327
1337
1369
1373
1376
1381
1382
1389
1405
1406
1434
1435
1471
1472
1475
1484
1485
1493
1494
1497
1498
1508
1511
1515
1520
1539
1550
1551
1563
1565
1576
1588
1590
1604
1610
1619
1630
1633
1646
1650
1657
1672
1681
1682
1685
1691
1701
1709
1731
1742
1744
1759
1783
1785
1805
1817
1828
1839
1853
1855
1859
1894
1929
1940
1952
1954
1966
1975
30
100
104
131
194
204
209
358
377
389
395
405
414
430
454
487
530
579
597
632
649
682
695
712
719
759
763
816
857
947
961
963
973
994
1018
1038
1046
1050
1057
1073
1107
1163
1164
1190
1226
1231
1245
1246
1300
1307
1337
1378
1388
1450
1510
1532
1546
1557
1560
1568
1586
1643
1697
1735
1736
1770
1772
1804
1820
1822
1824
1835
1893
1902
1982
