1229 732 736
70 132 219
1
3
9
14
17
18
21
26
27
30
31
32
33
34
37
38
44
46
47
52
53
54
55
59
67
75
77
79
80
86
89
90
93
95
97
103
105
106
107
108
109
110
111
115
116
119
122
125
127
134
136
137
138
143
146
147
151
152
153
155
161
163
165
166
169
172
173
176
177
179
181
185
186
187
188
190
191
193
195
196
203
204
205
206
212
214
215
216
218
219
223
225
226
230
232
233
238
239
241
243
245
247
250
251
253
261
262
265
266
269
270
271
273
276
283
284
285
291
296
297
305
308
314
317
318
319
321
324
326
328
334
335
338
343
355
358
359
360
361
362
366
368
373
375
376
378
382
383
387
393
395
396
397
399
401
402
405
406
409
410
411
413
414
415
417
418
419
420
421
422
424
427
432
434
437
440
441
442
443
445
447
448
450
452
453
455
458
459
462
464
466
469
474
479
480
481
484
485
494
495
496
498
499
500
503
504
505
506
510
516
517
518
523
524
525
527
530
533
534
537
540
544
545
546
549
551
553
554
559
560
562
569
570
574
575
576
579
582
584
585
586
589
591
592
596
600
603
609
614
615
616
618
627
630
631
633
635
638
642
643
644
645
648
650
653
655
656
657
658
666
669
670
672
673
675
677
681
685
694
695
696
700
702
703
704
706
708
709
719
721
722
724
726
730
731
732
733
736
738
739
744
745
748
751
757
759
763
770
774
777
780
782
784
785
787
789
790
795
796
798
800
802
805
807
808
809
812
814
817
820
821
824
827
829
830
831
834
835
837
839
843
845
847
848
850
853
855
860
862
863
865
867
868
871
873
874
876
879
882
885
886
888
889
893
897
901
904
908
910
911
912
915
917
921
926
933
935
936
940
944
946
947
948
949
952
954
956
960
961
968
973
976
981
982
985
987
992
994
998
1001
1007
1008
1009
1010
1011
1012
1013
1014
1015
1019
1020
1021
1025
1026
1027
1029
1035
1038
1039
1040
1042
1043
1050
1052
1053
1057
1058
1059
1060
1062
1063
1068
1069
1073
1077
1083
1092
1093
1095
1098
1102
1104
1106
1107
1110
1112
1113
1114
1115
1120
1121
1124
1126
1128
1129
1133
1135
1138
1139
1140
1146
1147
1148
1150
1151
1155
1156
1157
1161
1162
1163
1164
1166
1169
1170
1175
1179
1184
1190
1191
1192
1193
1194
1196
1197
1198
1199
1202
1205
1208
1211
1212
1218
1221
1222
1223
1224
1225
1226
1228
1232
1233
1235
1236
1237
1238
1239
1240
1242
1245
1246
1247
1249
1250
1254
1255
1256
1258
1259
1260
1264
1265
1267
1269
1272
1274
1275
1276
1278
1279
1281
1282
1283
1286
1287
1290
1292
1293
1294
1295
1297
1299
1303
1308
1309
1312
1313
1317
1318
1321
1323
1330
1331
1332
1333
1339
1340
1344
1350
1354
1358
1361
1367
1370
1371
1373
1375
1381
1386
1387
1390
1391
1393
1394
1396
1399
1407
1409
1410
1411
1412
1413
1414
1415
1417
1418
1420
1426
1429
1430
1434
1437
1440
1442
1443
1446
1447
1448
1449
1450
1452
1453
1459
1468
1469
1471
1472
1473
1474
1475
1480
1484
1488
1489
1493
1497
1503
1504
1505
1506
1511
1513
1515
1516
1518
1519
1523
1524
1528
1530
1531
1533
1534
1535
1545
1547
1548
1552
1554
1555
1557
1559
1561
1562
1569
1571
1574
1575
1582
1587
1590
1592
1593
1595
1596
1597
1599
1605
1606
1609
1610
1612
1613
1615
1616
1624
1633
1638
1640
1642
1647
1649
1652
1654
1656
1662
1663
1667
1668
1669
1675
1676
1682
1683
1684
1689
1693
1694
1695
1697
1698
1700
1702
1704
1710
1711
1712
1713
1714
1717
1718
1726
1727
1728
1729
1734
1735
1739
1740
1741
1743
1744
1745
1748
1749
1750
1755
1760
1761
1767
1769
1770
1772
1773
1774
1776
1780
1783
1784
1787
1788
1789
1790
1791
1794
1797
1802
1803
1804
1808
1809
1810
1812
1813
1814
1822
1826
1827
1829
1833
1834
1835
1839
1840
1841
1845
1847
1852
1853
1855
1857
1858
1860
1861
1862
1865
1866
1868
1869
1870
1872
1873
1874
1880
1881
1884
1885
1887
1891
1894
1896
1897
1902
1903
1904
1905
1908
1910
1920
1921
1922
1923
1924
1925
1931
1935
1938
1939
1940
1941
1943
1947
1948
1949
1950
1955
1958
1962
1970
1972
1974
1978
1981
1983
1984
1985
1986
1987
1994
1996
1998
2000
2002
2004
2006
2012
2017
2018
2020
2024
2025
2028
2033
2034
2037
2040
2041
2042
2046
2049
2051
2052
2054
2057
2061
2064
2065
2068
2069
2070
2071
2072
2078
2083
2092
2094
2095
2103
2105
2111
2117
2118
2119
2122
2128
2131
2132
2133
2135
2136
2141
2146
2147
2149
2151
2152
2154
2156
2157
2160
2163
2166
2167
2170
2171
2172
2177
2180
2181
2182
2183
2184
2190
2196
2198
2205
2206
2207
2209
2210
2211
2213
2214
2216
2218
2219
2221
2222
2223
2225
2226
2230
2231
2232
2234
2235
2237
2239
2242
2247
2248
2250
2251
2252
2255
2259
2260
2262
2264
2265
2267
2268
2269
2270
2276
2278
2282
2285
2289
2290
2291
2293
2294
2295
2296
2297
2300
2303
2305
2306
2310
2311
2314
2317
2320
2322
2323
2330
2331
2334
2335
2343
2344
2346
2348
2349
2350
2356
2357
2358
2360
2362
2363
2366
2367
2369
2370
2376
2377
2378
2393
2395
2399
2401
2402
2407
2409
2410
2411
2412
2413
2414
2416
2419
2420
2425
2428
2430
2434
2437
2438
2439
2446
2448
2450
2451
2455
2456
2458
2460
2462
2463
2465
2466
2469
2472
2477
2478
2480
2482
2484
2486
2487
2489
2492
2496
2499
2500
2501
2504
2505
2514
2518
2521
2522
2524
2525
2529
2531
2534
2535
2536
2540
2542
2543
2545
2548
2549
2550
2551
2557
2558
2561
2562
2563
2566
2568
2569
2570
2576
2578
2580
2582
2583
2584
2585
2586
2592
2595
2596
2597
2600
2601
2602
2604
2605
2606
2614
2618
2622
2623
2625
2626
2628
2629
2630
2632
2633
2636
2637
2638
2641
2645
2646
2647
2649
2651
2652
2653
2655
2656
2660
2663
2665
2666
2667
2668
2671
2674
2677
2678
2679
2681
2682
2684
2690
2693
2698
2700
2708
2714
2720
2721
2723
2724
2725
2728
2730
2731
2739
2741
2742
2744
2747
2751
2755
2760
2763
2764
2765
2767
2768
2771
2772
2773
2778
2780
2781
2785
2788
2790
2791
2798
2799
2802
2803
2805
2811
2812
2813
2817
2818
2820
2822
2824
2826
2828
2830
2831
2833
2834
2835
2837
2842
2843
2847
2850
2853
2863
2867
2868
2869
2876
2878
2881
2882
2883
2884
2888
2897
2898
2899
2900
2905
2907
2909
2915
2922
2929
2930
2933
2937
2938
2941
2943
2945
2949
2951
2952
2956
2959
2962
2964
2966
2972
2973
2974
2975
2976
2977
2982
2984
2985
2988
2991
2994
2995
2996
2999
18
25
35
41
42
45
47
54
55
62
66
68
69
89
92
108
109
111
112
114
123
125
132
140
142
145
146
147
150
152
153
167
169
178
179
184
194
196
197
198
206
210
214
215
219
233
235
236
239
254
256
259
260
263
264
266
273
279
289
296
299
301
304
305
308
310
316
317
318
319
325
327
331
335
342
343
352
356
357
359
362
363
364
365
388
391
395
396
398
400
402
403
409
411
412
414
415
417
419
422
424
430
435
436
439
440
441
442
445
455
458
461
470
471
472
474
483
492
495
497
499
507
511
513
516
517
525
526
532
534
538
540
549
555
559
563
565
567
574
576
580
587
590
594
595
598
602
612
613
616
618
625
626
628
633
644
653
654
661
665
671
674
676
680
685
686
689
691
694
697
700
701
702
709
713
720
721
729
735
748
750
754
756
757
762
765
775
780
781
783
786
790
791
792
794
797
808
809
810
811
822
823
829
834
839
842
849
852
857
862
867
870
873
876
886
891
893
895
897
899
901
920
921
923
924
927
932
934
938
948
951
959
962
971
979
984
994
996
1002
1008
1009
1023
1026
1028
1029
1031
1033
1042
1057
1058
1061
1067
1068
1083
1087
1089
1091
1092
1099
1100
1102
1106
1112
1114
1116
1118
1119
1121
1123
1124
1127
1129
1135
1139
1143
1146
1150
1154
1162
1163
1165
1166
1167
1175
1177
1178
1182
1183
1185
1189
1192
1202
1212
1216
1219
1229
1240
1250
1252
1253
1258
1261
1262
1265
1270
1275
1278
1284
1295
1298
1300
1302
1303
1306
1308
1309
1313
1315
1317
1322
1324
1326
1330
1334
1342
1343
1347
1348
1351
1358
1361
1362
1365
1368
1372
1375
1380
1386
1390
1391
1392
1394
1399
1403
1407
1411
1415
1424
1432
1434
1436
1441
1451
1452
1464
1481
1483
1485
1489
1492
1499
1501
1503
1506
1507
1513
1514
1516
1517
1521
1522
1524
1537
1539
1540
1549
1553
1556
1571
1572
1574
1576
1581
1583
1601
1602
1605
1606
1609
1612
1613
1623
1624
1628
1630
1633
1639
1642
1645
1647
1650
1651
1656
1666
1672
1676
1677
1680
1689
1706
1714
1715
1718
1720
1726
1730
1734
1736
1738
1748
1752
1754
1768
1771
1772
1775
1777
1780
1791
1812
1813
1815
1818
1821
1828
1830
1833
1835
1837
1840
1846
1848
1855
1859
1861
1862
1866
1868
1870
1871
1874
1877
1884
1885
1886
1893
1897
1901
1904
1905
1906
1907
1908
1909
1915
1917
1922
1924
1925
1928
1930
1932
1933
1935
1940
1942
1945
1955
1977
1978
1986
1987
1989
1991
1992
1993
1996
1999
2003
2007
2009
2010
2011
2015
2018
2021
2028
2032
2036
2038
2042
2044
2051
2052
2055
2063
2065
2074
2075
2079
2086
2089
2092
2094
2095
2097
2105
2110
2119
2120
2126
2128
2129
2132
2133
2137
2138
2148
2150
2151
2163
2170
2178
2193
2196
2197
2215
2218
2219
2222
2233
2236
2240
2241
2243
2245
2254
2255
2256
2260
2262
2265
2271
2272
2274
2276
2284
2286
2291
2294
2296
2297
2299
2300
2301
2302
2303
2305
2324
2325
2330
2343
2344
2345
2347
2356
2360
2361
2370
2371
2372
2373
2378
2380
2384
2387
2389
2391
2392
2393
2394
2401
2405
2415
2417
2420
2426
2427
2428
2431
2436
2437
2440
2443
2449
2450
2452
2458
2462
2472
2473
2474
2480
2482
2488
2490
2492
2497
2499
2501
2504
2505
2510
2515
2527
2536
2537
2542
2551
2552
2554
2559
2561
2564
2568
2569
2571
2575
2576
2578
2585
2586
2595
2606
2616
2620
2621
2623
2625
2626
2627
2631
2640
2654
2660
2662
2664
2668
2669
2672
2675
2676
2680
2682
2686
2687
2692
2695
2717
2718
2719
2722
2726
2729
2738
2741
2745
2746
2747
2765
2771
2772
2773
2775
2781
2784
2793
2803
2804
2807
2813
2814
2824
2833
2836
2838
2841
2855
2856
2859
2865
2866
2869
2873
2880
2883
2886
2888
2892
2893
2900
2910
2911
2916
2917
2922
2924
2927
2929
2937
2942
2944
2946
2949
2951
2964
2968
2971
2972
2977
2982
2995
6
13
14
15
16
22
24
27
35
36
49
51
65
72
77
78
79
88
89
91
94
95
98
100
103
104
114
115
117
119
121
122
128
130
131
133
138
144
146
149
151
155
161
166
170
177
179
181
182
188
189
191
208
211
216
223
226
231
240
244
245
248
254
260
267
280
282
285
297
299
302
310
318
319
322
324
325
327
329
332
333
337
341
342
343
346
348
351
354
356
358
368
369
385
390
396
402
406
409
412
418
424
426
427
428
437
439
446
449
451
452
463
471
474
476
482
485
493
498
500
503
505
506
509
512
518
523
524
529
533
553
554
555
559
562
567
569
570
574
584
592
595
600
604
612
613
618
624
625
643
646
647
652
653
659
663
665
667
669
670
674
681
687
699
701
720
721
724
729
737
738
747
755
756
757
758
760
761
763
773
774
786
789
790
792
796
803
806
808
810
818
819
820
829
830
836
837
844
845
847
850
853
856
859
861
869
874
881
883
884
886
893
895
898
899
902
907
910
911
914
923
925
926
935
936
937
938
941
946
952
957
959
961
963
974
977
982
983
988
991
993
1004
1005
1011
1019
1020
1026
1035
1044
1045
1047
1050
1053
1056
1058
1064
1066
1082
1085
1087
1089
1094
1095
1099
1102
1111
1116
1117
1119
1125
1126
1130
1133
1146
1150
1158
1161
1163
1164
1171
1175
1177
1180
1182
1184
1187
1193
1194
1200
1207
1211
1217
1218
1228
1236
1237
1238
1241
1250
1253
1255
1256
1263
1265
1266
1277
1278
1281
1282
1286
1287
1292
1297
1302
1303
1304
1311
1314
1318
1321
1324
1325
1328
1342
1349
1357
1358
1364
1367
1373
1383
1399
1406
1411
1415
1419
1422
1428
1430
1431
1432
1437
1439
1445
1449
1453
1455
1456
1457
1458
1462
1463
1466
1470
1476
1477
1480
1488
1490
1497
1499
1500
1505
1511
1515
1519
1528
1540
1542
1564
1566
1569
1581
1585
1586
1587
1589
1591
1592
1597
1598
1599
1602
1606
1607
1608
1610
1611
1627
1632
1640
1656
1660
1669
1679
1680
1682
1683
1685
1689
1690
1692
1694
1700
1705
1706
1709
1715
1718
1719
1723
1730
1736
1738
1739
1740
1744
1750
1751
1753
1754
1755
1758
1764
1769
1770
1772
1774
1778
1781
1787
1790
1792
1794
1799
1814
1819
1821
1823
1831
1833
1839
1842
1843
1851
1852
1854
1861
1862
1865
1867
1873
1876
1878
1883
1884
1885
1892
1894
1897
1899
1904
1905
1914
1915
1916
1917
1936
1944
1945
1946
1950
1951
1952
1953
1957
1966
1968
1975
1981
1983
1995
2003
2004
2020
2025
2027
2033
2045
2056
2060
2061
2066
2069
2070
2075
2076
2081
2082
2086
2090
2092
2101
2106
2114
2116
2117
2122
2124
2131
2141
2147
2158
2159
2167
2169
2175
2178
2183
2188
2197
2198
2199
2202
2206
2214
2216
2218
2220
2227
2231
2232
2233
2234
2237
2240
2242
2244
2247
2248
2253
2258
2267
2268
2274
2278
2283
2284
2285
2289
2293
2294
2297
2300
2303
2307
2309
2311
2312
2314
2317
2318
2319
2320
2323
2324
2329
2330
2331
2334
2335
2339
2345
2349
2351
2355
2356
2359
2363
2366
2369
2371
2372
2373
2381
2388
2390
2391
2395
2403
2406
2411
2419
2421
2423
2426
2430
2432
2433
2434
2436
2437
2443
2447
2449
2450
2452
2459
2460
2463
2464
2465
2466
2467
2473
2474
2477
2482
2484
2486
2492
2493
2498
2504
2528
2529
2534
2537
2540
2543
2545
2549
2553
2556
2558
2563
2564
2572
2578
2581
2583
2586
2588
2590
2592
2596
2606
2608
2619
2622
2623
2625
2627
2628
2630
2634
2635
2636
2640
2648
2652
2653
2654
2655
2656
2657
2660
2666
2669
2673
2674
2677
2681
2685
2686
2692
2701
2708
2719
2721
2724
2729
2730
2731
2738
2740
2743
2744
2748
2752
2753
2762
2764
2768
2773
2774
2784
2789
2793
2794
2796
2797
2800
2802
2808
2812
2817
2821
2845
2846
2850
2857
2858
2861
2867
2874
2884
2886
2888
2891
2895
2898
2902
2907
2908
2922
2942
2949
2957
2960
2970
2972
2974
2987
2995
2996
