0
0
0
0
0
0
0
0
0
0
0
0
0
0
0
0
0
0
0
0
0
0
0
0
0
0
0
0
0
0
0
0
0
0
0
0
0
0
0
0
0
0
0
0
0
0
0
0
0
0
0
0
0
0
0
0
0
0
0
0
0
0
0
0
0
0
0
0
0
0
0
0
0
0
0
0
0
0
0
0
0
0
0
0
0
0
0
0
0
0
0
0
0
0
1 46 326
1 44 331
1 49 332
1 55 338
1 64 341
1 73 341
1 82 341
1 94 335
1 98 331
1 98 325
1 95 322
1 92 322
1 94 326
1 97 335
1 106 341
1 124 341
1 142 341
1 160 338
1 175 335
1 179 328
1 176 322
1 173 322
1 175 326
1 181 338
1 190 341
1 202 344
1 220 344
1 241 344
1 259 341
1 271 332
1 272 326
1 272 322
1 269 322
1 268 323
1 277 332
1 289 341
1 307 344
1 328 344
1 349 344
1 361 338
1 362 334
1 359 326
1 356 328
1 355 329
1 361 338
1 373 341
1 388 344
1 403 344
1 418 341
1 430 335
1 434 328
1 434 322
1 431 316
1 430 314
1 433 323
1 442 332
1 460 341
1 481 341
1 502 341
1 520 338
1 533 334
1 536 325
1 533 319
1 524 316
1 520 320
1 523 329
1 532 338
1 542 343
1 556 341
1 569 340
1 578 331
1 581 322
1 578 313
1 572 310
1 566 310
1 568 314
1 575 322
1 584 316
1 590 304
1 593 289
1 593 268
1 590 244
1 584 223
1 575 208
1 572 208
1 571 209
1 574 218
1 581 223
1 590 217
1 593 205
1 593 184
1 590 163
1 581 142
1 569 130
1 559 122
1 556 128
1 556 137
1 565 143
1 575 145
1 587 133
1 590 115
1 587 97
1 575 82
1 560 70
1 548 70
1 547 74
1 553 80
1 565 80
1 572 70
1 572 55
1 566 40
1 551 28
1 530 22
1 509 22
1 491 28
1 481 35
1 478 47
1 484 50
1 493 50
1 496 44
1 494 34
1 482 28
1 467 22
1 443 22
1 422 28
1 407 34
1 398 46
1 400 50
1 406 53
1 412 50
1 413 43
1 404 34
1 389 25
1 368 19
1 344 22
1 326 28
1 317 40
1 316 47
1 319 53
1 325 53
1 326 49
1 317 40
1 302 31
1 281 25
1 260 25
1 245 34
1 236 43
1 232 50
1 235 56
1 244 56
1 248 49
1 245 40
1 236 31
1 218 25
1 197 22
1 179 28
1 167 37
1 163 47
1 166 56
1 175 56
1 179 49
1 176 37
1 164 25
1 149 16
1 131 13
1 116 16
1 104 25
1 100 35
1 103 47
1 109 53
1 118 59
1 122 58
1 116 46
1 104 31
1 88 23
1 70 26
1 55 38
1 46 56
1 43 74
1 49 92
1 58 101
1 64 98
1 62 91
1 56 85
1 49 83
1 37 92
1 28 113
1 25 137
1 31 158
1 40 173
1 49 176
1 56 175
1 56 166
1 56 163
1 49 164
1 37 176
1 25 194
1 22 215
1 25 239
1 34 254
1 46 260
1 55 260
1 56 253
1 53 247
1 49 245
1 37 251
1 31 266
1 28 284
1 31 296
1 37 302
1 44 301
1 44 292
1 38 283
1 32 280
1 22 281
1 19 293
1 19 308
1 22 320
1 31 329
1 40 332
1 49 329
1 56 328
1 56 322
0
0
0
0
0
0
0
0
0
0
0
0
0
0
0
0
0
0
0
0
0
0
0
0
0
0
0
0
0
0
0
0
0
0
0
0
0
0
0
0
0
0
0
0
0
0
0
0
0
0
0
0
0
0
0
0
0
0
0
0
0
0
0
0
0
0
0
0
0
0
0
0
0
0
0
0
0
0
0
0
0
0
0
0
0
0
0
0
0
0
0
0
0
0
0
0
0
0
0
0
0
0
0
0
0
0
0
0
0
0
0
0
0
0
0
0
0
0
0
0
0
0
0
0
0
0
0
0
0
0
0
0
0
0
0
0
0
0
0
0
0
0
0
0
0
0
0
0
0
0
0
0
0
0
0
0
0
0
0
0
0
0
0
0
0
0
0
0
0
0
0
0
0
0
0
0
0
0
0
0
0
0
0
0
0
0
0
0
0
0
0
0
0
0
0
0
0
0
0
0
0
