40
10 1 4 1 2
4 6 1
6 9 2
12 1 2 4 1
6 12 1
20 1 3 20 5
0 4 5
4 8 4
8 12 3
12 16 2
16 20 1
12 1 2 2 1
6 12 1
12 1 2 3 1
6 12 1
12 1 2 5 1
6 12 1
12 1 2 6 1
6 12 1
100 3 7 5 1
0 100 10
100 1 10 1 20
0 5 40
5 10 50
10 15 40
15 20 50
20 25 40
25 30 50
30 35 40
35 40 50
40 45 40
45 50 50
50 55 40
55 60 50
60 65 40
65 70 50
70 75 40
75 80 50
80 85 40
85 90 50
90 95 40
95 100 45
1 43 81 1 1
0 1 33
100 3 5 1 1
51 100 3
100 32 38 1 20
1 3 37
15 18 66
18 19 15
24 25 1
27 37 69
44 45 25
51 55 57
55 59 71
59 60 22
65 66 48
67 70 35
73 75 13
75 76 36
76 79 59
79 80 72
85 86 70
86 87 48
87 91 58
93 94 66
94 97 37
100 11 28 3 20
4 6 63
9 12 45
18 19 23
20 21 62
22 25 20
29 32 45
34 35 2
40 42 35
45 46 37
47 49 49
50 57 24
57 60 25
62 63 63
69 72 33
72 75 34
79 80 27
81 83 11
83 86 4
89 90 13
90 95 56
100 1 32 30 20
1 3 1
6 10 34
13 15 39
15 18 4
25 31 11
38 39 39
39 41 4
41 42 8
43 49 6
52 54 4
54 56 35
59 60 39
62 71 33
71 72 37
72 74 15
76 78 43
78 79 25
83 86 7
94 95 27
95 99 26
100 9 10 100 20
3 5 8
5 6 14
6 9 14
23 24 17
24 28 5
28 30 5
30 32 14
33 35 12
35 36 16
43 44 14
44 47 16
48 50 9
54 58 1
58 62 3
68 70 11
76 79 12
79 83 4
91 94 7
94 96 2
96 99 5
83 1 2 38 3
56 59 1
61 65 1
65 83 1
91 62 100 1 1
26 52 49
100 12 28 3 20
2 12 22
12 14 17
15 17 35
18 20 22
20 21 3
21 22 32
36 39 3
39 47 2
47 48 13
55 56 1
56 57 12
57 58 13
58 59 37
65 67 12
69 70 26
70 71 27
92 94 28
94 96 26
96 98 4
98 99 2
100 11 14 5 20
4 6 7
6 12 37
15 16 10
20 21 16
21 23 28
23 28 22
29 30 7
35 36 28
46 48 19
48 52 1
52 58 9
58 63 13
63 64 11
68 70 27
74 80 28
80 81 6
81 82 20
82 83 26
85 86 25
86 87 36
100 9 94 7 20
6 10 60
10 12 61
12 15 21
19 20 50
30 31 83
31 33 52
33 34 68
43 47 25
47 48 60
52 53 70
56 57 70
62 64 67
64 67 34
72 73 10
76 79 72
79 81 35
81 84 36
85 90 33
90 91 57
95 97 1
100 6 17 100 20
10 11 11
11 13 15
15 16 4
21 24 4
28 32 3
34 37 16
37 40 12
45 46 14
46 47 9
47 50 3
54 55 15
55 62 9
69 71 4
73 76 9
78 79 7
79 82 4
84 87 2
90 94 2
94 97 7
97 100 18
50 1 2 20 15
1 6 1
6 10 1
10 12 2
12 14 2
14 17 2
17 19 2
19 21 2
21 22 2
22 29 1
29 30 2
30 32 1
32 33 1
33 34 1
34 48 2
48 50 1
90 8 100 1 5
10 21 23
21 27 69
27 43 84
43 47 60
47 58 13
100 4 22 1 20
6 7 6
9 11 32
20 22 12
22 28 44
28 29 58
42 43 16
47 48 68
60 63 55
64 65 44
68 70 27
70 71 69
71 72 11
77 78 20
78 79 35
79 83 11
84 86 35
86 87 54
87 88 55
89 93 42
93 95 20
100 9 12 7 20
6 12 13
29 30 15
30 32 10
34 36 6
36 37 1
37 38 7
44 51 5
53 55 7
55 56 5
56 59 8
59 60 2
60 61 7
65 67 3
67 68 13
68 69 16
70 71 12
73 76 13
76 89 7
89 92 2
94 95 4
100 3 4 27 20
9 11 3
11 12 3
12 13 3
13 14 2
20 22 1
35 36 1
36 39 1
43 47 3
47 50 1
63 64 1
68 69 1
69 70 4
70 72 2
72 74 2
74 75 2
78 79 4
86 87 3
87 90 3
93 96 2
96 98 3
100 1 2 100 20
8 9 3
11 15 3
15 16 1
17 18 1
20 21 2
22 23 2
23 26 2
26 33 1
34 36 2
36 37 3
39 42 2
45 46 3
49 51 3
67 68 3
70 76 2
78 79 1
79 89 3
89 90 2
96 97 2
97 98 3
53 1 2 24 1
37 44 2
92 15 100 1 17
0 6 21
6 7 87
7 9 27
9 15 39
15 19 33
24 34 50
34 41 67
41 47 97
54 56 51
56 58 85
58 63 94
63 67 47
67 70 56
72 75 16
75 80 51
80 84 92
84 92 53
67 4 5 7 11
4 5 23
5 6 35
6 9 23
9 10 36
10 11 14
20 21 36
21 27 35
41 53 16
53 54 2
57 65 37
66 67 25
82 4 11 8 6
2 5 2
5 15 2
18 22 16
22 27 16
54 62 6
74 82 6
50 55 64 1 15
7 9 16
9 11 84
11 12 55
12 14 62
14 17 70
27 28 30
28 29 12
32 33 37
33 34 81
34 35 79
35 36 88
41 43 79
43 45 77
46 47 46
47 49 64
64 2 4 14 11
11 17 3
22 23 4
29 32 4
37 39 1
39 40 1
40 41 1
41 47 1
47 49 4
49 52 3
56 60 4
60 64 2
83 2 3 18 20
1 2 1
2 12 4
12 14 3
14 21 2
21 23 2
23 24 3
24 26 4
26 29 2
29 37 1
43 44 3
44 47 4
49 54 3
54 55 4
55 59 3
59 60 1
60 66 2
66 68 3
68 73 2
73 79 1
79 83 3
75 3 10 9 19
2 5 5
5 6 3
6 12 10
14 16 1
26 29 9
29 32 1
37 40 9
42 44 4
44 48 9
48 51 9
51 52 9
52 53 2
53 54 10
54 57 4
57 60 2
60 68 2
68 71 7
71 73 8
73 75 7
76 13 77 1 14
0 1 62
1 3 41
3 6 61
6 9 38
9 13 16
13 18 59
18 21 53
21 22 15
22 26 56
29 33 24
45 50 38
50 56 74
56 69 20
75 76 71
62 2 4 13 8
6 7 6
7 15 3
15 21 1
33 34 1
42 45 1
49 51 2
51 52 1
52 54 4
62 3 4 12 7
4 10 2
11 15 2
15 20 2
20 24 2
27 28 4
30 39 3
39 43 1
97 5 12 7 13
8 10 12
10 19 14
19 20 4
20 25 11
25 28 6
28 32 9
32 42 2
42 44 9
44 47 5
47 68 14
68 71 13
71 73 4
73 97 5
95 2 12 7 12
2 9 2
14 21 8
29 32 8
34 37 13
37 42 9
42 43 5
43 45 12
47 51 15
63 75 14
76 78 16
78 79 4
82 95 5
