40
10 1 4 1 2
4 6 1
6 9 2
12 1 2 4 1
6 12 1
20 1 3 20 5
0 4 5
4 8 4
8 12 3
12 16 2
16 20 1
12 1 2 2 1
6 12 1
12 1 2 3 1
6 12 1
12 1 2 5 1
6 12 1
12 1 2 6 1
6 12 1
100 3 7 5 1
0 100 10
100 1 10 1 20
0 5 40
5 10 50
10 15 40
15 20 50
20 25 40
25 30 50
30 35 40
35 40 50
40 45 40
45 50 50
50 55 40
55 60 50
60 65 40
65 70 50
70 75 40
75 80 50
80 85 40
85 90 50
90 95 40
95 100 45
1 7 8 1 1
0 1 14
100 43 80 1 1
68 100 76
100 12 13 5 20
9 10 10
10 11 12
18 19 17
19 21 19
26 29 11
29 31 17
31 32 16
32 35 10
55 57 20
57 58 8
58 60 3
60 61 20
63 67 19
67 68 6
71 75 14
76 77 19
83 84 11
84 86 4
91 95 7
99 100 8
100 6 13 6 20
2 3 9
10 12 7
12 16 9
16 17 2
19 20 6
21 23 2
27 28 7
28 34 11
43 52 4
57 59 4
62 65 11
68 71 14
71 76 2
79 81 2
81 82 13
82 83 7
87 89 12
92 94 13
94 95 1
95 99 7
100 3 5 20 20
5 11 2
11 12 2
12 13 1
21 24 1
25 26 1
26 27 1
27 29 2
44 50 2
50 52 4
56 60 3
65 66 5
66 67 1
68 69 1
70 72 6
77 79 2
80 81 5
81 82 5
85 86 2
90 91 2
92 99 3
100 1 3 100 20
2 4 3
4 5 3
10 11 4
11 14 1
19 20 2
20 24 1
24 27 1
33 34 4
34 37 2
38 39 3
39 41 1
45 48 3
52 53 3
58 60 4
63 64 1
65 67 1
86 90 2
91 93 3
93 98 3
99 100 2
72 1 2 29 10
3 7 2
14 21 2
22 29 2
49 50 1
53 54 2
57 61 1
63 66 1
66 69 2
69 71 2
71 72 2
56 72 100 1 4
21 39 38
39 41 11
41 42 25
42 49 65
100 22 36 1 20
7 8 61
8 12 21
12 13 59
14 16 2
19 20 54
22 25 26
30 38 2
38 39 28
39 42 26
42 45 55
50 53 61
53 55 26
57 62 62
64 66 16
66 69 57
69 72 57
73 74 36
78 84 7
84 85 56
93 95 43
100 4 5 15 20
7 9 8
26 32 9
32 35 13
38 40 10
40 41 8
44 45 16
45 47 8
52 53 6
57 58 1
58 59 16
59 61 10
64 65 8
65 66 2
68 71 13
72 73 11
82 87 12
87 88 3
88 98 3
98 99 11
99 100 13
100 15 68 2 20
2 4 25
9 10 11
10 11 2
11 12 15
12 13 21
17 22 29
22 24 78
24 25 21
27 29 12
29 31 34
31 32 68
46 47 80
47 50 16
51 53 7
53 55 63
84 87 16
87 91 31
91 94 64
94 95 31
96 100 81
100 77 84 100 20
1 3 28
14 16 60
16 18 11
18 23 1
23 27 18
27 28 7
33 34 56
34 37 79
39 42 30
42 48 63
49 51 53
51 53 13
56 63 8
63 68 9
79 81 62
81 83 38
87 88 16
90 91 75
93 95 41
98 99 16
89 1 2 32 10
1 6 1
6 9 1
20 23 2
23 24 2
24 29 2
29 66 2
66 86 2
86 87 2
87 88 1
88 89 1
96 23 100 1 14
11 12 55
14 16 59
16 38 70
38 44 71
44 47 92
47 57 20
57 66 97
66 69 100
69 77 48
77 86 84
86 88 47
88 90 76
90 94 21
94 96 79
100 5 7 7 20
7 8 13
8 9 5
10 11 9
11 13 10
14 15 1
15 20 9
20 24 12
36 38 2
38 39 13
39 42 5
42 43 2
43 44 8
44 47 7
47 49 13
50 58 5
76 77 10
78 81 12
84 85 6
91 97 4
97 99 13
100 51 79 1 20
0 1 58
7 10 30
16 18 36
21 24 48
24 26 34
26 28 38
30 36 8
36 37 3
38 39 66
39 42 78
43 46 96
46 49 30
62 63 13
65 67 25
67 73 47
87 88 19
88 89 61
89 93 56
93 96 53
99 100 19
100 1 2 49 20
0 1 3
1 3 2
3 4 1
4 9 3
13 15 1
16 17 1
19 20 3
21 24 3
24 26 2
26 27 1
28 30 2
31 34 1
37 41 1
42 43 3
43 47 3
47 53 2
58 61 2
69 71 3
74 75 3
84 96 3
100 3 4 100 20
0 1 1
1 2 2
2 5 2
5 7 2
8 9 2
11 12 1
13 14 1
14 15 3
32 33 1
35 38 3
38 41 4
46 48 1
48 51 3
52 53 3
57 59 1
59 63 3
63 65 5
65 67 3
67 75 5
98 99 1
80 1 2 30 1
23 80 1
90 7 100 1 1
70 90 49
83 2 18 5 3
31 34 12
34 47 14
47 83 10
72 84 92 1 3
17 36 47
36 54 1
54 72 58
86 11 12 6 4
13 21 6
37 60 10
60 82 1
83 86 3
66 9 10 5 9
10 16 15
16 24 4
24 25 5
28 29 8
29 32 10
32 53 1
53 57 10
60 64 11
64 66 5
58 44 59 1 6
3 9 25
9 15 46
15 27 4
29 32 2
32 39 24
39 41 60
100 54 79 1 13
12 16 84
16 20 28
20 23 27
23 37 48
37 41 73
41 46 83
46 57 14
57 65 58
65 72 39
72 79 61
79 81 25
81 96 34
96 99 22
66 1 4 20 15
2 3 2
3 5 2
10 16 3
21 22 4
22 27 1
27 28 5
28 31 2
31 34 3
34 39 2
39 40 4
41 42 1
44 45 1
45 49 1
51 52 5
55 58 2
81 1 3 22 12
7 8 3
8 9 3
9 10 4
11 12 1
19 21 3
42 44 1
44 45 4
45 49 3
50 59 2
60 61 2
61 66 1
71 78 1
78 13 15 4 11
2 4 1
4 8 9
9 16 12
28 32 1
32 33 5
33 36 7
43 49 12
49 54 4
59 60 1
63 71 13
77 78 11
60 6 20 2 19
0 2 31
2 4 28
4 11 47
11 12 43
14 15 32
15 17 6
17 19 25
19 22 32
23 24 38
24 26 19
26 27 20
27 30 15
30 32 42
32 36 29
36 39 43
39 43 42
44 45 41
57 58 5
58 60 43
87 3 4 15 18
3 4 4
4 11 1
11 19 3
19 24 2
24 30 3
30 36 3
36 42 4
42 50 3
50 52 3
52 61 3
61 62 2
62 67 1
67 69 2
69 72 3
72 73 1
73 74 1
74 82 1
82 87 2
