40
10 1 4 1 2
4 6 1
6 9 2
12 1 2 4 1
6 12 1
20 1 3 20 5
0 4 5
4 8 4
8 12 3
12 16 2
16 20 1
12 1 2 2 1
6 12 1
12 1 2 3 1
6 12 1
12 1 2 5 1
6 12 1
12 1 2 6 1
6 12 1
100 3 7 5 1
0 100 10
100 1 10 1 20
0 5 40
5 10 50
10 15 40
15 20 50
20 25 40
25 30 50
30 35 40
35 40 50
40 45 40
45 50 50
50 55 40
55 60 50
60 65 40
65 70 50
70 75 40
75 80 50
80 85 40
85 90 50
90 95 40
95 100 45
1 1 2 1 1
0 1 1
100 1 4 1 1
82 100 2
100 2 3 27 20
3 6 1
6 8 3
8 9 3
18 19 3
26 28 1
28 32 3
32 35 1
35 37 2
37 39 2
39 40 3
41 43 3
44 46 3
46 48 2
59 60 2
60 63 3
72 73 3
84 85 1
85 91 3
91 92 3
96 98 3
100 13 14 5 20
1 2 1
4 5 14
8 11 4
13 15 10
15 16 16
16 19 17
32 35 14
42 44 2
50 53 9
58 62 12
62 64 15
64 67 11
67 71 7
77 79 7
79 80 13
80 82 1
84 89 16
89 90 7
90 92 8
92 95 4
100 7 28 8 20
0 2 17
2 3 15
15 21 10
21 25 5
28 32 4
37 38 28
43 50 20
50 57 24
58 59 29
59 60 11
60 63 9
63 65 28
68 69 29
69 70 36
71 72 29
72 75 11
79 80 31
80 81 3
81 84 25
84 95 29
100 4 5 100 20
2 4 25
4 6 30
6 7 30
13 16 6
16 21 8
28 29 7
31 33 12
34 36 18
37 41 17
42 43 16
43 44 24
44 46 22
69 74 1
77 80 22
80 85 25
85 88 14
88 89 26
90 97 30
97 99 18
99 100 2
53 1 2 22 11
15 16 1
16 20 2
20 21 2
21 22 2
22 25 2
25 29 2
38 43 2
43 44 2
46 47 2
47 50 2
50 51 2
84 45 100 1 19
4 6 72
6 7 21
13 17 36
17 18 50
18 20 47
20 21 46
25 26 67
28 29 37
33 37 71
37 38 85
38 45 97
45 46 20
55 58 62
58 59 78
61 62 50
62 68 83
68 69 76
69 70 57
70 71 39
100 2 8 5 20
12 14 58
14 16 82
16 17 37
17 19 24
19 20 6
28 29 75
32 33 37
33 39 14
39 46 38
53 55 34
56 59 18
60 61 63
62 63 49
63 65 81
66 72 24
73 74 65
77 79 67
81 82 20
82 88 8
90 91 32
100 2 3 27 20
10 13 3
13 14 1
15 17 3
19 21 1
23 24 2
24 27 1
34 35 3
45 50 3
50 55 3
55 56 2
56 57 2
58 60 2
62 66 1
66 70 1
70 80 2
80 83 1
91 93 2
95 96 1
96 99 1
99 100 3
100 7 10 10 20
0 1 10
1 2 6
2 3 12
11 12 11
18 19 12
23 31 2
31 33 12
33 36 1
41 43 2
51 52 8
52 53 9
68 70 5
71 72 8
75 77 3
77 81 3
82 89 5
89 94 6
94 96 5
96 99 10
99 100 9
100 13 28 100 20
1 5 15
8 9 36
13 16 25
22 24 1
24 26 33
30 33 7
34 37 10
37 38 35
39 46 23
46 47 17
48 50 42
50 54 56
60 61 65
69 74 24
83 84 22
84 85 44
87 91 53
91 92 33
92 96 35
96 100 52
68 1 2 23 11
0 20 1
20 23 2
30 40 1
40 41 2
41 42 1
42 46 2
47 55 2
55 56 1
56 57 1
57 59 1
59 66 1
56 89 100 1 9
8 10 23
12 16 38
16 19 90
19 21 30
21 22 28
22 23 98
23 25 26
25 49 13
49 56 27
100 32 73 1 20
2 3 60
17 20 15
23 28 30
33 34 56
34 38 79
38 40 72
40 43 19
43 44 44
44 47 60
48 51 81
58 59 22
59 61 70
61 63 3
63 66 67
68 69 6
79 80 38
85 86 14
86 94 47
94 99 42
99 100 25
100 1 3 34 20
0 2 2
8 13 2
13 15 2
15 17 1
18 19 3
19 20 1
20 23 1
32 35 2
37 38 2
38 41 2
42 43 2
45 54 3
54 57 1
57 63 1
68 70 3
70 74 1
79 85 1
89 90 2
95 99 2
99 100 1
100 1 2 68 20
4 10 4
10 11 3
11 15 1
23 25 4
26 27 1
27 28 4
28 30 2
33 34 1
47 50 2
52 53 4
57 60 1
71 72 3
72 73 2
82 85 4
85 87 4
87 88 3
88 89 4
89 92 1
92 97 3
98 100 2
100 4 16 100 20
4 5 6
5 9 3
12 14 6
16 17 8
17 18 15
18 21 9
23 24 16
24 25 9
28 30 7
31 32 11
38 42 18
43 50 10
50 55 15
55 57 6
57 59 9
63 65 17
65 68 13
68 72 1
74 80 18
81 84 10
97 1 2 42 15
0 3 1
4 8 2
8 10 2
22 26 1
26 35 1
35 37 1
37 38 2
56 58 1
58 61 2
61 66 1
66 68 2
68 71 1
71 72 1
76 83 2
91 94 2
74 36 100 1 15
1 3 79
3 9 78
9 24 63
24 25 87
25 26 14
26 34 14
34 40 69
40 49 60
49 51 34
51 52 52
52 59 40
59 60 61
60 66 35
66 71 46
71 74 78
62 1 2 23 11
0 4 3
4 5 3
8 9 3
22 24 2
24 25 4
25 27 1
27 28 4
32 33 1
33 41 4
41 43 4
58 62 2
96 9 12 6 8
41 42 16
42 45 10
45 50 21
51 54 9
55 68 22
68 74 4
86 88 4
91 96 10
98 2 3 27 3
11 20 8
83 85 4
85 98 4
70 65 82 1 19
13 14 5
14 16 10
16 17 35
17 18 41
23 25 38
25 26 15
26 27 55
27 28 70
28 29 4
29 32 72
32 35 14
39 44 43
48 49 19
49 50 59
50 51 35
51 52 8
53 54 58
54 55 61
60 62 18
92 3 5 11 12
3 8 6
8 10 3
10 12 13
12 22 13
22 28 5
28 40 6
40 41 13
41 44 5
45 46 7
50 77 2
77 81 10
81 90 1
59 7 10 5 5
9 16 5
16 19 6
19 25 5
25 34 1
57 59 12
98 2 3 24 5
25 35 3
35 39 2
39 49 3
49 70 1
70 98 1
96 1 3 27 18
0 6 3
10 12 4
12 18 1
18 22 3
22 45 4
45 46 4
46 64 4
64 67 1
67 68 3
68 74 3
74 80 2
80 84 2
84 85 3
85 91 1
91 92 4
92 93 1
93 95 1
95 96 2
81 1 2 28 15
0 5 1
5 6 4
6 14 2
14 19 1
19 22 2
22 31 1
31 32 3
32 40 3
40 42 4
42 45 2
45 49 4
54 63 1
63 70 2
70 71 4
79 81 3
74 36 42 1 18
0 1 40
1 2 13
2 9 11
11 16 12
17 24 32
24 25 24
25 26 20
27 39 26
39 41 19
41 43 15
46 47 56
47 52 62
52 54 49
54 59 55
60 61 55
63 64 17
64 65 14
72 74 60
100 16 53 2 9
7 10 15
10 11 16
11 16 52
28 35 62
35 39 46
41 51 46
51 53 1
62 78 2
95 100 1
