20
6 7 2
1111111
1122271
1211521
1329131
1242121
1122211
3 3 7
123
234
345
10 10 100
9999999999
9999999999
9999999999
9999999999
9999999999
9999999999
9999999999
9999999999
9999999999
9999999999
10 10 21
6639454559
4011625356
5114375643
8713536725
2394535545
5246755459
2763221050
9859403130
4050842821
7483027333
10 10 16
1539372729
3364676032
8096542889
0903755129
3657844423
3244487563
9215573090
9882456908
2306764633
9272739351
10 10 22
3597771688
7653315937
8237383021
1672617370
3231846501
1056481323
0737162761
1203837328
7395133567
8861777953
10 10 35
8567478558
4014124014
6236356247
7578578569
5023113023
7345237335
8478567558
5034024014
7345236246
8558468459
10 10 96
6247012043
7455355458
4534752549
6433635454
4825534848
6565752568
6562526569
4533455558
4463725447
1354745310
10 10 86
7082434305
7062982406
2473199949
4192356888
3881079430
0560909093
9378806606
4642772715
9235225326
7324306967
10 10 68
8478568559
3124024114
6245235346
7558568477
5034124025
6235337346
8578468579
5134024125
6247336346
7559569468
10 10 46
6545474632
7444465634
7368371454
4651355465
3537757535
7532474546
0466573253
7535263745
4244656356
2456445695
10 10 79
9320831892
3701219720
7709354086
0802005186
6136467452
6296444864
7647147687
3608256212
4765501118
6840557447
10 10 74
3107814597
8860121478
5898571556
1439110660
9673953179
9713593769
0660119341
6551758985
8741210688
7954187013
10 10 80
1507771229
1345335176
1532556297
3035902146
0516279886
4947393134
9662362776
3947664762
6330289503
1918356725
10 10 100
2458458640
3413202358
9773409362
7085952716
9639152480
4071532468
9687394595
3838154514
5564717184
1729651120
10 10 3
9832176191
6857602077
1602743044
5348757576
8576456655
6948114630
2837822591
4061626493
1745588942
0705490661
10 10 17
0196049394
1749368157
8106941723
7326444091
7265788175
1545954442
9388756304
7744462030
5473700767
9806444696
3 3 66
849
185
040
3 3 67
000
000
000
10 10 78
6345246245
8467567459
4125134123
7246246246
7478569569
4014014035
5337347347
9468568468
4014124114
6246356246
