20
6 7 2
1111111
1122271
1211521
1329131
1242121
1122211
3 3 7
123
234
345
10 10 80
0235785868
4654079819
8737425416
3316987685
4211811702
7012784428
2513401192
6347730822
2124492834
8610152581
10 10 100
3233646110
4219226744
1512457214
6562046667
9222296033
6488935656
0339563349
3545763686
9637420107
0235181746
3 3 85
000
000
000
10 10 92
7468979951
8364212459
4384296780
8746753858
1337769026
1699230820
8294860367
3807503425
1332558760
0639118374
10 10 59
7371358884
9718675189
6304381469
8682235471
1094149435
5349414901
1745322868
9641834036
9815768179
4888531737
3 3 55
864
186
210
10 10 83
6784595756
9048773898
8532062349
4907782964
0814588382
2838854180
4692877094
9432602358
8983778409
6575954876
10 10 13
3402303402
4525624524
6856845745
1413302502
3735734533
7745845847
3402402512
3634734633
5857847956
3303402413
10 10 80
5264561503
4454745475
3674347543
5435366369
4457243630
5361458158
3736431740
5424773544
5484526549
5536563503
10 10 16
3912677389
3319354954
5613794140
1912539685
6486310047
7400136846
5869352191
0414973165
4594539133
9837762193
10 10 22
4002048753
4907524962
3947838127
2937264993
3634833595
1525543573
7662946658
6436174479
2564434625
1964255747
10 10 75
6587364645
3833562763
4644255744
1213645243
8723645463
5464556444
8420472735
7849209811
8766061584
5787751161
10 10 47
0693457241
1746863634
2140020144
7608965689
9963760055
5781884098
4876883353
2431009034
7847125546
6063641178
10 10 100
9999999999
9999999999
9999999999
9999999999
9999999999
9999999999
9999999999
9999999999
9999999999
9999999999
10 10 82
4707527725
7933002754
1078715304
3416060001
1491833843
3483381941
1000606143
4035178701
4572003397
5277257074
10 10 55
1364262568
9534534425
8446174854
2622727146
3585664565
1436444354
3464273674
5374352443
7664444363
2466154798
10 10 99
6013766999
0457644547
2852669931
1759691036
6247061208
8558222855
0802160742
9630196957
2139966258
2745446754
10 10 21
4517127342
8436443466
3546543101
4572445040
3634783126
5466334889
3454653714
7356436968
8835774864
9734565539
