50
2 1
0,1
3 3
0,1 1,2 0,2
5 5
0,4 0,2 2,4 1,2 1,4
7 9
0,6 0,2 0,4 2,4 3,4 2,3 3,5 4,5 1,5
19 19
16,17 17,18 2,3 0,18 2,6 8,9 4,5 3,4 11,12 14,15 1,5 1,7 12,13 0,6 10,11 9,10 7,8 15,16 13,14
19 105
3,14 5,14 14,18 5,16 1,15 2,12 14,17 4,6 1,3 4,10 6,13 6,10 9,10 13,14 5,6 9,15 11,14 14,15 7,16 4,9 1,6 11,13 8,15 7,13 5,18 0,11 1,14 1,17 2,5 11,12 6,8 9,13 15,17 0,7 5,17 10,17 2,8 8,18 10,13 2,7 16,17 5,7 2,3 2,4 9,16 1,9 4,15 15,16 3,12 10,11 7,10 7,9 4,18 8,11 11,16 2,13 4,16 9,17 0,12 7,18 2,14 5,8 4,8 6,14 11,17 0,6 6,18 17,18 4,11 2,15 0,13 6,16 1,18 8,13 8,10 4,5 3,18 1,12 9,11 8,12 0,17 3,13 7,17 5,9 8,9 2,6 3,17 4,7 2,17 2,18 13,17 7,8 12,13 7,11 7,15 3,15 5,13 3,4 9,14 2,10 3,8 0,15 0,4 6,7 0,2
36 630
4,11 7,23 18,24 23,26 14,19 26,27 5,30 12,17 25,27 30,34 0,35 18,28 20,21 23,29 18,29 31,32 7,33 6,25 12,30 7,29 28,35 13,21 2,5 14,22 2,28 9,24 8,17 9,25 11,25 29,34 2,20 4,23 16,26 17,21 4,31 13,33 5,9 5,31 20,23 1,6 6,26 3,12 23,31 1,10 15,21 5,27 11,26 12,13 5,20 16,23 33,34 14,30 31,33 20,35 7,15 27,33 27,29 3,7 2,35 26,35 10,34 3,24 29,35 12,16 5,24 5,6 27,35 4,35 22,27 8,28 7,9 6,20 2,21 13,30 5,29 0,22 17,18 6,32 16,18 2,31 21,24 8,20 22,32 9,17 10,22 13,25 4,29 27,30 23,25 10,18 2,4 0,14 22,24 9,30 18,33 1,27 23,33 7,11 0,13 1,8 19,24 7,13 9,13 21,33 5,17 20,22 12,35 24,25 10,23 27,34 2,6 7,30 0,4 21,27 7,25 0,19 25,28 20,24 23,34 0,31 6,29 4,15 3,17 8,9 0,33 9,32 8,23 26,28 2,8 1,35 24,32 13,31 8,11 9,29 0,11 7,16 2,10 18,25 19,35 12,33 17,34 19,22 1,19 13,14 10,14 4,34 1,4 1,33 21,23 13,22 11,20 20,26 6,22 2,13 25,34 32,35 3,4 8,14 11,28 4,20 16,35 21,25 12,14 4,32 14,26 13,19 6,34 1,5 15,35 2,27 5,33 4,27 10,30 25,30 30,35 25,26 19,27 1,7 1,29 23,32 6,14 6,30 7,22 16,17 10,16 10,27 5,10 22,28 10,19 3,33 3,18 5,23 16,28 11,19 8,25 13,24 1,12 10,31 0,12 3,27 12,24 2,34 4,30 29,32 13,17 6,16 17,20 19,34 14,28 1,30 0,29 1,16 11,31 5,15 10,12 1,21 12,15 0,15 10,17 3,29 20,31 18,21 10,32 9,31 0,17 33,35 5,34 0,27 18,20 27,32 5,19 27,31 9,20 5,18 18,23 12,28 22,34 14,18 0,8 3,20 8,19 6,17 19,28 6,12 10,24 7,20 19,31 21,26 4,12 4,26 28,33 25,35 1,34 17,33 3,10 3,14 13,32 19,21 9,16 10,13 0,16 3,26 8,29 9,11 9,14 9,22 15,22 4,17 12,21 5,11 31,35 24,30 10,35 9,21 31,34 11,32 12,25 20,29 18,27 1,9 1,23 2,26 9,35 30,31 0,28 1,22 12,27 14,34 6,19 17,27 9,26 2,25 0,32 29,30 26,29 3,28 3,21 17,30 22,30 4,13 26,31 3,35 23,27 0,26 9,28 17,25 0,30 28,29 14,27 19,32 2,15 15,30 6,23 19,23 11,33 12,34 8,18 20,30 4,24 11,22 17,23 5,12 1,3 28,30 4,21 19,25 8,31 8,22 21,28 21,31 2,33 9,10 12,31 18,32 18,19 13,23 15,32 0,34 3,23 8,30 4,28 6,28 20,25 26,32 20,33 15,34 6,7 8,35 1,26 8,27 15,33 15,17 9,33 23,24 3,19 20,32 6,27 5,7 7,35 15,26 12,19 24,34 5,32 9,27 4,9 1,25 5,21 21,34 2,3 14,15 11,18 27,28 1,13 2,18 0,5 16,25 11,13 13,34 29,31 10,21 7,32 17,22 9,34 10,26 13,15 23,35 25,31 15,25 11,15 16,34 3,31 12,23 7,14 3,25 9,19 6,15 16,24 1,18 17,28 22,26 6,33 6,31 14,29 12,20 5,16 5,22 22,29 24,28 2,9 12,32 16,29 16,20 13,29 6,8 23,30 1,14 22,31 11,30 20,34 14,23 19,33 8,32 20,27 15,24 13,18 7,31 2,19 6,11 22,33 17,24 11,34 11,35 15,20 23,28 0,21 8,16 11,23 17,29 13,27 16,21 24,33 3,13 7,12 19,26 11,29 10,29 15,31 2,12 2,23 0,6 8,13 4,14 10,28 28,32 10,11 7,10 24,29 18,35 4,10 22,25 5,28 5,35 8,15 2,32 2,29 6,9 0,18 8,10 15,16 9,18 24,27 17,31 28,34 4,7 10,15 12,29 17,32 1,15 19,30 9,15 8,21 21,30 1,32 14,32 0,3 13,16 0,7 2,7 6,18 4,8 0,20 3,34 3,30 5,14 5,8 15,29 2,30 3,5 26,33 1,17 2,17 12,18 14,24 20,28 4,6 11,12 22,23 2,16 4,19 10,20 21,32 8,33 24,31 16,32 15,19 7,26 8,34 4,33 4,18 15,18 6,35 16,30 7,18 18,31 32,34 0,23 14,35 18,26 1,28 13,28 21,22 13,35 4,25 19,29 3,8 3,22 3,16 1,24 1,20 17,19 2,24 34,35 1,11 0,24 21,29 24,35 3,32 18,34 11,21 14,31 3,6 29,33 22,35 7,24 19,20 16,19 16,31 7,21 7,17 4,5 7,28 7,19 30,33 9,23 18,22 0,10 16,33 12,26 15,23 11,17 28,31 24,26 2,11 13,26 11,27 11,16 14,16 10,25 6,24 4,16 16,22 17,26 25,29 1,31 12,22 26,34 15,28 0,2 3,15 1,2 15,27 26,30 17,35 25,32 21,35 7,34 14,20 30,32 4,22 10,33 7,27 14,25 18,30 0,1 32,33 11,24 11,14 6,13 14,21 5,25 5,13 13,20 9,12 2,14 3,11 25,33 5,26 14,17 6,21 2,22 7,8 8,26 8,24 0,9 8,12 16,27 3,9 6,10 14,33 0,25
5 5
0,2 0,4 3,4 1,3 1,2
32 220
9,18 5,13 2,15 15,30 0,10 7,18 16,21 20,24 1,28 5,19 6,18 7,17 14,29 20,30 13,21 10,16 8,15 15,21 17,22 14,22 1,22 1,23 2,16 12,30 3,15 5,11 18,30 13,23 5,17 12,26 0,8 3,18 14,25 11,24 10,17 7,15 12,23 4,18 1,24 13,22 2,19 5,15 17,25 5,16 14,30 14,28 20,21 18,29 14,31 16,30 11,22 19,30 11,31 10,20 10,19 3,20 4,20 9,15 10,18 19,28 6,14 6,13 10,12 3,19 0,4 13,25 6,16 20,28 1,29 16,27 16,31 15,24 11,27 15,23 2,12 4,15 15,31 11,21 15,27 8,12 11,23 6,20 13,31 16,29 15,25 7,13 19,23 17,31 17,29 10,14 0,6 14,24 11,30 8,17 12,22 20,26 18,22 19,22 6,19 17,27 17,24 17,28 14,27 9,20 20,27 18,24 19,31 20,29 13,26 9,11 19,25 19,24 2,11 20,25 15,22 3,12 7,20 7,19 19,27 2,14 9,17 0,7 0,2 16,22 11,29 7,14 5,14 12,28 20,23 18,21 6,15 16,24 10,13 9,13 7,11 10,11 17,30 2,18 0,3 18,26 8,13 20,22 18,28 13,27 12,21 18,31 4,19 1,27 10,15 6,11 13,28 3,17 9,19 15,29 4,16 8,11 1,26 17,23 19,26 3,11 11,28 9,14 16,26 19,29 8,19 18,23 4,11 14,23 4,17 5,20 4,13 16,23 4,12 1,21 8,18 16,25 3,16 4,14 15,26 9,12 12,31 13,29 7,16 8,14 16,28 17,21 12,25 2,17 6,17 11,26 3,14 2,20 15,28 14,21 12,24 1,25 0,9 3,13 20,31 7,12 19,21 1,31 5,18 9,16 5,12 17,26 8,16 12,27 0,5 11,25 6,12 12,29 13,24 18,27 1,30 14,26 13,30 8,20 18,25 2,13
33 243
1,14 23,32 9,15 23,25 7,22 24,32 4,6 0,10 5,20 26,32 2,23 1,20 4,16 17,20 0,2 6,27 12,24 1,19 1,25 2,22 9,19 16,17 24,28 5,31 6,7 8,30 0,9 14,15 8,25 27,32 0,4 5,6 1,23 15,24 10,18 11,19 18,19 13,14 25,26 12,13 9,12 14,26 24,31 0,25 30,31 3,21 8,22 8,17 27,31 8,23 12,18 20,21 6,13 23,24 6,11 4,25 7,24 13,25 8,27 20,32 1,12 18,30 6,22 10,22 18,20 1,28 14,16 1,11 11,28 15,19 7,15 1,26 16,27 2,6 29,32 19,20 13,17 3,24 0,23 10,16 10,19 9,22 12,32 3,13 15,25 21,30 1,6 9,17 15,22 6,9 7,21 11,29 15,29 4,5 13,31 10,26 17,29 8,24 1,7 5,14 5,16 0,31 9,26 7,17 14,20 7,8 0,1 4,30 26,27 5,25 5,10 8,13 8,9 14,17 26,30 1,8 14,28 7,31 9,21 0,16 6,28 1,22 2,15 21,32 2,24 11,15 17,23 15,20 12,20 9,24 12,26 11,13 21,28 28,31 10,23 3,30 20,29 14,27 15,21 0,11 0,15 18,31 14,31 1,13 6,29 2,3 6,24 13,19 2,17 1,15 1,24 14,18 19,25 13,18 16,31 7,26 14,22 17,32 0,18 1,9 4,21 13,22 16,24 14,19 13,28 11,20 4,7 3,28 1,21 30,32 17,28 6,20 13,15 10,24 16,18 5,13 3,5 5,27 1,2 3,9 9,32 4,8 10,12 16,22 14,21 4,31 1,30 16,26 18,23 9,13 13,21 4,22 18,24 20,27 2,8 18,22 0,21 9,10 2,28 21,26 10,11 5,18 5,12 15,27 15,31 7,25 4,24 12,29 3,4 22,25 10,20 17,24 11,16 11,12 8,12 7,13 10,25 21,31 23,31 7,20 9,30 5,8 5,17 11,18 24,25 7,32 17,18 21,22 6,31 4,18 21,29 20,26 10,31 6,19 16,21 16,29 1,3 3,15 6,14 24,30 23,28 3,12 15,16
26 26
4,5 12,13 6,7 24,25 15,16 3,4 9,10 13,14 23,24 1,2 18,19 22,23 10,11 5,6 7,8 2,3 0,1 16,17 20,21 17,18 0,25 19,20 11,12 14,15 8,9 21,22
36 35
10,11 20,21 15,16 34,35 7,8 1,35 16,17 8,9 9,10 31,32 26,27 13,14 4,5 6,7 29,30 5,6 11,12 27,28 18,19 33,34 22,23 0,2 23,24 30,31 17,18 21,22 12,13 24,25 19,20 28,29 32,33 3,4 25,26 2,3 14,15
21 91
8,18 9,17 5,8 9,18 13,19 13,18 10,14 2,9 2,12 0,6 11,18 3,13 5,13 7,11 11,16 12,18 0,2 11,15 10,16 5,11 13,14 4,9 6,8 1,16 8,17 11,19 10,19 13,16 0,7 4,10 4,11 12,17 6,11 2,10 9,15 7,9 9,16 2,11 8,14 1,15 1,18 6,12 12,20 13,17 5,12 6,13 10,20 1,14 1,19 5,10 1,20 13,20 8,19 11,14 1,17 11,20 3,9 0,3 6,9 4,8 5,9 12,16 12,15 13,15 4,12 9,14 10,15 8,16 3,10 12,19 8,20 11,17 3,11 12,14 8,15 10,18 0,5 2,13 3,8 7,13 9,20 10,17 7,12 9,19 3,12 2,8 7,10 7,8 0,4 6,10 4,13
27 134
7,26 8,24 12,25 3,4 7,18 0,10 7,20 5,20 13,20 11,25 11,20 11,17 8,21 9,15 10,24 7,19 11,21 13,23 5,17 1,9 12,15 11,22 6,19 5,19 7,25 8,20 8,23 8,22 13,26 9,19 10,20 6,16 2,3 7,17 9,22 5,24 8,16 6,26 9,24 11,19 8,19 10,18 12,23 14,25 1,7 8,25 8,26 6,15 12,20 0,6 0,12 1,4 10,15 11,16 10,21 14,22 13,15 9,18 1,5 14,23 12,24 5,15 14,21 9,16 14,20 7,16 13,19 9,20 10,16 10,19 14,24 9,23 5,18 13,18 8,15 11,24 1,13 12,26 14,16 13,24 10,23 9,17 14,19 10,26 6,22 5,22 11,26 11,15 0,14 6,17 7,24 6,18 11,23 6,20 9,26 11,18 9,21 0,2 7,15 13,25 0,8 7,23 6,21 7,22 12,18 12,21 5,26 5,21 10,17 13,22 14,18 5,23 6,25 12,16 10,25 12,22 7,21 10,22 6,23 12,19 14,15 5,16 12,17 5,25 9,25 1,11 14,17 13,16 8,18 13,17 8,17 14,26 6,24 13,21
30 57
19,22 3,6 21,25 6,9 11,13 13,16 4,7 18,21 17,19 21,24 20,22 26,29 15,20 5,8 24,28 0,2 3,7 18,22 1,26 16,18 15,19 23,24 19,23 20,23 14,17 12,13 15,18 1,27 8,11 23,25 20,21 25,28 4,5 5,9 7,9 1,28 14,16 16,19 6,8 17,20 19,21 8,10 25,27 14,15 25,26 18,23 13,17 10,13 12,14 10,14 11,14 22,25 13,15 9,10 16,20 9,12 0,4
34 33
7,24 1,16 13,14 4,5 11,28 3,20 13,30 9,26 5,6 8,9 12,29 3,4 8,25 5,22 2,3 11,12 1,18 7,8 0,2 0,17 10,27 14,15 2,19 9,10 15,16 12,13 16,33 14,31 4,21 10,11 15,32 6,7 6,23
18 31
12,13 7,8 10,12 0,4 14,15 6,8 6,10 11,13 4,7 3,7 10,11 5,9 7,10 5,8 3,6 2,7 2,6 8,11 8,12 0,2 14,16 11,14 0,3 15,17 16,17 9,11 12,14 7,9 6,9 9,12 1,16
18 66
3,8 5,9 8,13 7,14 2,7 11,17 1,13 3,9 6,7 9,12 8,15 2,8 6,9 4,9 8,14 10,14 5,11 0,4 5,8 1,14 9,16 10,13 7,13 10,12 4,7 11,12 1,16 9,13 1,15 6,11 4,8 4,10 0,5 8,16 3,11 7,17 9,14 0,3 5,7 8,17 2,10 10,15 7,15 9,17 11,15 3,10 0,2 5,10 11,13 6,10 6,8 2,11 7,16 9,15 1,17 4,11 10,16 10,17 11,14 0,6 7,12 3,7 2,9 8,12 11,16 1,12
22 98
13,17 4,13 10,17 9,17 10,20 3,12 11,17 0,6 6,9 13,14 5,10 11,15 8,16 9,21 8,18 0,3 4,8 7,13 1,20 12,21 7,11 0,7 2,12 4,12 3,9 3,13 12,15 0,5 11,21 10,15 10,14 2,10 1,19 13,19 13,15 4,11 6,13 6,8 9,18 4,9 11,20 13,21 8,19 9,14 11,16 12,14 7,12 11,19 12,19 5,13 2,9 12,17 9,16 7,9 5,11 6,11 1,21 8,17 1,17 2,11 6,12 1,14 1,18 10,19 8,15 1,15 3,11 10,21 8,20 11,14 3,8 9,19 5,8 4,10 8,14 5,9 9,20 12,18 10,18 3,10 12,16 10,16 8,21 1,16 9,15 7,8 0,4 5,12 13,20 2,13 7,10 13,16 12,20 11,18 2,8 0,2 13,18 6,10
33 55
6,7 26,28 18,21 11,13 4,6 31,32 19,24 27,30 0,4 21,22 21,23 8,11 14,18 24,26 16,18 23,26 12,15 9,12 26,27 10,13 27,31 29,30 29,31 16,17 17,21 15,17 2,5 26,29 13,15 7,9 12,16 8,10 4,5 1,31 13,16 9,13 3,6 24,25 15,18 21,24 18,19 0,2 0,3 13,14 19,22 23,25 1,30 25,27 5,8 6,8 22,25 20,23 25,29 2,6 3,5
23 92
10,15 5,14 7,16 6,21 7,14 8,18 7,21 5,17 11,16 10,19 10,13 11,17 9,20 0,10 7,18 2,3 1,5 12,15 7,15 9,14 0,12 1,7 8,16 8,13 12,22 8,21 5,16 1,4 11,22 5,15 10,21 10,17 7,19 9,13 5,20 12,21 11,15 12,14 10,22 6,17 6,13 10,16 12,20 5,22 9,16 11,21 1,9 8,20 6,14 8,14 7,13 9,19 11,20 7,22 0,2 5,13 0,6 12,17 3,4 8,22 12,16 12,13 7,17 10,14 9,22 6,22 9,15 9,17 11,18 8,15 6,18 6,16 10,20 9,21 6,20 8,19 9,18 5,19 10,18 11,19 6,15 5,18 8,17 6,19 1,11 11,13 12,18 12,19 11,14 0,8 7,20 5,21
33 64
30,32 22,24 3,6 29,31 28,30 21,25 16,18 26,28 8,11 15,20 0,4 18,23 11,14 14,16 29,32 10,12 26,27 16,19 0,2 0,3 4,5 9,11 2,6 7,9 15,19 15,18 21,24 30,31 17,19 1,30 12,15 6,9 19,21 24,27 19,22 2,7 17,20 6,8 28,29 22,25 3,7 1,29 10,14 23,26 4,6 14,15 14,17 11,12 20,23 5,8 25,27 12,16 13,17 19,23 23,24 27,29 4,7 23,25 7,8 13,15 11,13 18,22 12,17 16,20
30 190
6,12 12,26 11,22 19,26 12,25 6,17 13,29 11,26 7,17 3,13 5,19 11,25 3,11 0,3 7,13 1,21 16,22 8,16 11,23 15,28 7,19 11,28 15,24 0,9 13,24 11,27 16,25 12,20 10,16 14,22 17,22 1,23 4,11 19,21 18,22 16,23 14,27 15,22 19,25 2,19 15,26 16,24 10,15 17,27 12,23 1,27 18,24 2,16 2,12 17,23 8,12 2,18 15,21 4,15 18,29 17,28 9,12 19,29 16,20 5,15 18,28 15,27 10,11 14,29 19,23 9,13 7,15 5,11 0,8 7,14 3,15 3,17 10,19 12,22 12,27 18,23 11,24 11,21 1,28 4,12 4,16 9,15 1,25 16,28 0,7 16,21 10,14 9,17 15,25 0,10 1,26 16,27 2,15 14,21 3,14 1,29 2,17 10,13 9,18 13,27 0,6 4,17 5,17 13,28 6,15 9,14 16,26 0,4 18,26 0,2 14,24 5,12 19,24 2,13 2,14 12,29 5,18 8,18 5,16 1,20 5,14 7,12 3,12 10,17 8,17 18,21 16,29 14,23 18,25 3,19 13,25 14,25 9,11 12,21 6,16 17,21 19,27 5,13 14,26 18,20 7,16 6,11 1,24 17,26 18,27 8,11 4,18 7,18 17,25 19,20 4,13 7,11 14,20 19,22 6,13 0,5 11,29 10,12 15,23 8,15 8,14 3,18 4,14 6,14 13,22 2,11 9,16 8,13 15,29 14,28 8,19 6,19 3,16 15,20 13,21 17,24 10,18 19,28 13,23 6,18 12,24 11,20 17,29 12,28 9,19 1,22 4,19 13,26 17,20 13,20
35 264
20,27 8,14 13,23 3,14 19,25 5,16 4,16 12,27 18,33 16,28 4,21 12,34 4,13 18,31 21,29 6,13 20,31 17,29 17,23 17,33 1,31 2,21 3,21 10,22 14,25 10,20 19,33 6,20 18,23 17,27 14,26 22,29 20,29 1,26 8,22 6,16 1,29 17,30 17,31 12,28 14,29 5,17 15,30 18,28 13,29 16,24 2,13 11,13 3,12 6,14 6,15 17,32 15,23 7,20 16,32 12,33 6,18 5,19 9,20 13,33 2,17 0,11 18,29 22,28 5,13 2,14 4,18 9,12 21,28 15,26 8,19 3,19 16,33 9,18 11,12 2,20 5,14 12,26 19,26 4,15 17,34 13,34 13,25 16,29 10,16 3,13 7,14 15,34 22,25 22,24 18,26 22,26 5,18 3,22 19,30 12,24 13,30 12,30 11,19 0,10 13,27 9,14 20,28 10,12 21,23 15,27 8,12 1,24 8,16 16,31 19,29 3,17 11,14 15,33 10,19 10,21 2,15 2,22 7,18 20,24 13,32 21,32 3,20 6,17 16,27 22,31 11,22 22,32 11,21 14,31 7,19 8,21 4,20 13,31 21,34 12,32 22,34 14,30 12,25 7,12 20,26 3,16 17,25 17,26 12,29 11,15 3,15 7,17 6,19 8,18 15,28 11,20 14,32 21,25 19,23 7,16 8,15 19,32 1,33 20,25 14,27 10,14 0,7 4,12 17,24 18,24 11,16 20,32 7,15 9,21 3,18 13,28 20,23 0,6 9,22 0,3 15,31 18,32 0,8 7,21 14,34 5,15 1,28 1,32 6,12 12,31 5,22 18,34 11,18 9,15 0,4 13,24 18,30 8,20 5,21 19,27 22,30 1,27 21,30 0,2 10,15 20,34 13,26 10,13 15,24 2,16 19,24 9,13 1,30 2,18 14,24 7,22 21,24 21,31 10,17 19,34 19,31 4,19 1,34 16,25 2,12 15,29 18,25 22,27 8,17 16,34 6,22 15,32 10,18 20,33 17,28 5,20 11,17 0,9 2,19 14,33 22,23 9,16 0,5 4,14 1,23 21,26 14,28 21,33 16,23 19,28 21,27 4,22 14,23 15,25 4,17 1,25 12,23 8,13 20,30 5,12 16,30 16,26 22,33 7,13 6,21 18,27 9,17 9,19
19 72
2,7 4,9 10,14 8,14 4,8 8,18 7,13 8,16 1,15 9,16 11,18 7,16 3,7 7,14 11,14 0,2 8,15 1,12 6,11 7,15 10,12 4,11 3,11 10,17 5,8 0,6 11,13 5,9 6,8 11,17 4,10 2,9 9,14 6,10 9,12 7,18 5,10 4,7 11,12 1,13 10,18 1,17 0,4 9,13 7,17 5,7 0,5 11,16 8,12 6,7 1,18 10,16 10,13 2,10 1,16 1,14 9,17 2,8 2,11 9,18 8,13 8,17 3,10 0,3 7,12 10,15 5,11 11,15 9,15 6,9 3,9 3,8
18 66
11,15 2,10 8,15 3,7 10,15 2,11 8,12 11,12 10,14 4,9 4,11 8,14 4,8 11,16 0,2 7,15 0,5 6,10 5,10 3,11 11,13 8,16 9,14 8,17 11,17 0,6 5,7 1,17 6,7 7,13 5,8 1,12 0,3 2,7 5,11 6,9 9,16 6,8 1,15 10,13 1,13 9,17 3,10 9,15 0,4 7,12 5,9 10,12 2,8 10,17 7,17 10,16 1,16 4,10 9,13 7,16 11,14 9,12 3,8 4,7 7,14 6,11 8,13 3,9 1,14 2,9
26 55
14,18 4,6 7,9 20,23 2,6 14,19 12,14 10,12 1,23 2,5 4,7 0,3 19,20 12,15 7,8 18,22 19,21 16,18 14,17 15,18 22,24 2,7 13,15 5,10 21,23 16,19 7,10 22,23 6,9 16,17 11,16 3,5 19,22 8,11 10,11 24,25 13,16 10,13 20,24 9,12 23,25 3,6 11,14 0,2 9,11 18,21 4,5 8,12 1,24 3,7 6,10 13,14 6,8 0,4 9,13
20 59
10,15 1,13 2,3 2,8 10,11 5,6 8,11 8,19 14,16 12,18 0,2 3,6 5,11 8,10 11,12 2,11 0,14 4,7 1,18 13,14 1,8 9,10 1,9 0,11 6,8 7,15 12,13 5,15 15,16 4,10 0,7 9,17 6,13 2,7 4,12 4,5 6,19 3,7 8,9 6,15 5,8 3,14 16,17 7,16 7,14 6,7 9,11 9,18 11,13 14,15 14,19 11,16 5,12 11,19 7,8 17,18 3,12 7,18 3,4
33 57
16,17 11,14 17,22 27,30 20,23 30,31 10,13 14,17 0,3 24,26 12,15 15,19 11,16 3,6 9,13 9,12 21,24 28,29 13,14 2,6 17,21 26,28 15,17 13,15 3,5 0,4 5,9 18,22 6,9 5,10 29,32 19,22 0,2 16,19 5,8 19,21 22,23 26,27 13,16 19,20 28,30 3,7 7,10 12,14 4,5 10,11 22,24 8,12 2,7 1,29 16,18 1,30 23,26 4,7 10,12 20,24 18,21
32 220
11,26 3,17 9,11 17,21 3,14 14,23 16,27 1,30 8,14 5,19 4,16 16,28 9,17 19,21 11,24 4,14 14,29 15,26 7,11 6,16 0,10 5,14 1,21 20,23 4,13 14,26 11,27 2,20 11,30 12,27 20,27 15,25 15,28 17,27 16,22 1,31 18,28 10,20 7,18 13,28 8,19 3,20 1,23 17,28 4,19 11,23 18,25 13,31 10,17 5,13 0,7 6,19 9,16 13,22 6,14 7,14 6,15 11,28 17,29 9,12 4,18 12,21 6,17 12,24 16,23 11,29 8,16 8,13 6,11 9,19 13,23 11,25 13,27 2,14 16,29 14,21 0,8 2,19 15,31 4,12 19,23 18,24 10,16 14,24 19,24 8,15 3,11 7,19 17,26 17,30 18,23 2,18 3,13 18,29 17,31 13,26 3,15 5,20 20,24 14,27 13,30 12,22 2,11 0,3 13,29 12,26 15,29 1,22 14,22 18,21 8,12 15,27 2,12 10,19 18,26 13,25 15,24 1,24 0,5 10,15 6,20 11,21 9,15 13,24 7,12 10,12 6,12 5,15 16,24 15,22 14,31 9,20 5,16 10,13 1,26 5,12 2,16 0,2 7,17 20,22 12,31 17,22 1,29 0,9 7,20 3,16 5,11 12,30 19,29 19,28 6,13 6,18 20,25 16,25 1,25 10,11 8,18 9,13 5,18 10,18 5,17 19,22 8,20 17,25 19,26 3,18 9,18 16,30 2,17 19,31 20,28 20,29 20,30 19,25 12,23 18,27 2,15 12,28 16,21 20,26 7,13 17,24 15,23 8,11 10,14 18,22 11,31 8,17 0,4 15,21 7,15 4,20 4,15 14,30 7,16 4,11 16,26 18,30 20,31 19,27 0,6 18,31 13,21 16,31 1,28 14,28 2,13 1,27 3,19 4,17 15,30 12,25 11,22 20,21 9,14 12,29 17,23 3,12 14,25 19,30
26 46
20,22 2,6 0,2 21,22 6,7 5,9 3,6 15,19 22,25 11,14 14,15 15,18 9,11 10,12 6,9 20,23 5,8 4,8 23,25 11,12 16,17 21,23 12,16 8,10 19,20 6,8 14,16 10,13 8,11 10,14 5,7 2,4 17,20 3,5 4,7 3,4 13,16 16,19 1,22 18,21 7,11 9,10 19,21 17,21 0,3 1,23
21 91
9,19 5,10 12,16 2,9 7,11 8,16 13,18 9,15 2,12 0,7 12,15 9,17 12,20 13,20 4,11 6,10 4,8 4,9 13,16 4,10 3,12 5,11 3,13 12,19 1,16 3,9 7,9 0,6 4,13 1,20 13,14 2,8 7,13 6,11 5,12 13,15 3,11 0,4 1,19 8,20 4,12 1,18 5,8 6,13 5,9 12,14 5,13 0,5 2,10 10,19 1,15 6,9 10,20 11,14 11,15 8,15 8,19 13,17 3,10 11,17 1,14 3,8 10,16 9,18 10,14 11,19 10,18 13,19 8,17 10,15 8,14 9,16 2,13 11,16 6,12 12,17 1,17 9,14 7,8 7,12 10,17 0,2 7,10 8,18 6,8 12,18 0,3 11,18 11,20 9,20 2,11
19 72
7,13 0,5 10,18 1,12 0,2 10,12 11,18 10,15 7,18 2,7 10,14 9,15 4,10 5,8 3,9 3,7 3,10 1,16 4,9 7,12 11,13 5,9 6,8 1,14 2,11 9,18 0,4 7,14 7,17 9,17 8,15 2,9 9,16 2,8 8,12 9,14 6,11 8,16 6,9 11,14 9,13 9,12 1,15 5,11 1,18 11,16 4,8 10,16 11,15 6,7 1,13 1,17 4,7 8,18 8,13 7,15 8,17 6,10 2,10 0,3 3,11 4,11 0,6 5,7 10,17 7,16 10,13 11,17 8,14 5,10 11,12 3,8
30 172
14,25 1,9 16,23 2,3 9,22 6,28 16,21 16,20 10,26 12,28 6,23 12,22 12,23 8,17 13,29 12,20 9,21 11,26 8,19 15,28 12,25 13,23 12,24 6,18 5,20 6,17 8,20 13,17 6,19 12,17 9,20 10,24 10,25 16,28 0,14 12,29 8,23 15,27 11,20 16,29 5,17 7,18 7,21 5,18 5,26 6,26 16,18 16,19 0,12 9,18 11,23 3,4 9,23 7,29 15,26 8,29 14,23 0,10 12,26 14,28 11,18 15,21 7,22 11,19 7,20 8,22 16,24 9,17 10,19 15,23 11,24 10,20 6,22 8,27 9,29 10,18 9,26 5,21 16,26 1,4 8,18 11,29 7,19 11,17 10,29 6,21 11,25 13,21 8,28 13,24 5,27 14,21 16,17 0,16 11,21 9,19 13,27 9,28 14,29 13,18 1,11 15,22 0,8 12,21 10,23 10,28 8,25 15,20 7,27 15,29 10,27 14,19 6,27 13,22 14,20 6,20 13,19 6,24 13,25 16,25 7,26 14,17 9,25 14,18 7,28 13,26 6,25 10,22 11,28 13,20 5,25 5,24 11,27 12,18 9,24 7,24 5,23 15,25 15,17 7,23 5,19 1,13 0,6 15,24 12,19 14,26 1,5 5,29 7,17 7,25 14,22 6,29 15,18 8,26 1,15 8,24 16,22 5,22 10,17 14,27 8,21 1,7 16,27 11,22 14,24 5,28 12,27 0,2 15,19 13,28 10,21 9,27
18 66
10,15 5,10 7,12 0,5 9,15 7,17 2,8 5,8 6,11 11,16 8,15 10,17 1,15 2,7 6,7 0,2 10,12 5,11 1,14 4,9 5,7 10,16 4,8 7,14 8,17 0,4 1,13 2,11 3,9 11,17 8,16 11,15 10,14 11,14 3,8 11,12 4,10 0,6 10,13 2,9 7,15 4,7 2,10 9,16 7,13 9,13 9,17 8,13 1,16 6,8 3,11 1,17 4,11 0,3 9,12 9,14 5,9 6,10 6,9 3,10 11,13 7,16 8,12 8,14 1,12 3,7
27 51
17,20 12,13 11,14 0,4 15,18 23,25 16,20 1,25 5,9 0,3 23,24 6,7 13,17 22,25 18,19 5,7 8,12 7,11 21,24 9,10 16,19 9,11 2,5 12,15 10,13 19,21 21,25 9,12 11,13 4,6 15,17 2,6 22,24 0,2 14,18 10,14 20,23 24,26 25,26 6,9 5,8 7,10 17,19 3,5 12,14 18,20 20,22 8,11 14,17 19,22 13,16
33 231
10,20 9,17 17,22 4,16 21,26 12,24 16,27 0,8 1,30 20,25 17,26 10,17 15,32 10,16 16,30 3,19 6,21 0,5 3,15 3,13 4,17 11,13 3,21 14,29 4,13 20,27 21,22 4,20 8,16 13,31 13,30 18,28 1,22 6,12 8,15 0,2 1,28 5,19 19,32 16,22 5,13 18,22 17,30 17,27 12,28 14,25 21,30 16,23 1,26 5,14 15,30 21,32 13,26 4,12 15,23 19,26 7,19 4,15 0,4 9,13 5,20 7,16 5,17 20,26 12,26 21,28 6,15 12,25 8,12 0,10 9,20 1,32 14,23 20,23 2,14 19,30 15,25 15,26 10,13 12,32 10,19 6,19 16,25 2,13 18,30 14,22 19,22 18,29 16,32 18,26 6,16 4,18 16,24 3,17 3,20 4,14 21,24 7,21 21,29 8,20 5,18 6,17 15,24 0,6 11,16 9,21 14,26 21,27 9,16 12,30 11,19 21,23 15,31 14,24 11,18 10,18 18,27 19,29 1,23 8,21 19,27 2,21 5,12 8,18 17,23 13,24 7,18 3,14 7,20 12,23 3,12 13,23 18,25 13,27 1,27 13,28 8,17 14,27 18,32 7,12 2,20 12,22 3,16 6,14 8,19 9,19 20,28 10,21 17,31 13,25 1,31 2,19 7,13 20,22 17,32 21,31 5,16 11,17 0,3 4,19 20,32 20,29 17,24 15,29 12,31 14,32 0,7 17,28 10,14 3,18 1,24 11,12 15,28 19,23 18,23 14,31 7,17 2,18 14,28 12,29 7,14 20,30 15,22 2,15 19,25 11,14 12,27 9,15 13,22 2,12 1,29 2,17 21,25 16,29 5,15 9,12 18,24 13,29 17,25 10,15 6,20 11,21 8,13 16,28 9,14 17,29 19,31 16,26 19,24 14,30 15,27 19,28 13,32 11,15 10,12 6,13 2,16 0,11 6,18 20,31 7,15 8,14 1,25 0,9 5,21 11,20 20,24 9,18 16,31 18,31 4,21
19 72
7,15 2,9 5,10 1,15 7,18 7,14 0,6 7,16 4,7 10,14 9,12 5,11 6,7 10,12 9,13 5,9 8,14 6,8 8,18 3,7 11,15 9,15 6,9 8,13 4,11 8,15 8,12 1,14 4,10 2,11 10,13 11,16 10,18 1,12 10,15 9,17 1,17 4,8 11,13 1,13 11,17 7,17 11,14 3,10 10,17 0,5 0,4 6,10 6,11 8,17 9,18 3,9 3,8 11,12 11,18 10,16 2,7 3,11 1,16 4,9 9,14 7,12 5,7 5,8 0,3 2,8 2,10 7,13 1,18 0,2 8,16 9,16
5 5
1,2 0,2 1,4 0,3 3,4
34 33
4,28 7,8 8,25 8,33 3,4 6,7 1,23 1,10 6,32 6,15 2,30 2,11 0,9 3,12 7,16 7,21 3,20 1,8 8,17 4,18 4,13 5,6 3,27 4,5 5,19 4,31 1,29 0,2 6,26 4,24 7,22 2,3 5,14
20 36
17,18 15,18 9,10 2,5 13,16 12,15 4,5 6,9 0,3 1,17 12,16 11,14 4,6 7,9 7,8 8,11 14,16 6,8 15,19 13,17 1,16 3,6 3,7 4,7 9,11 2,7 14,17 2,6 3,5 0,2 11,13 0,4 16,19 14,15 10,14 5,8
29 185
5,7 4,5 15,26 6,7 22,25 11,23 10,23 0,2 10,13 2,6 18,28 14,28 0,10 9,10 1,7 7,22 9,23 0,17 5,9 3,10 14,25 13,22 20,21 18,21 20,27 13,20 3,6 0,4 5,6 12,19 11,13 4,20 0,5 2,3 20,26 12,23 4,17 5,18 18,20 15,18 5,11 6,28 18,27 2,5 2,11 1,16 3,28 16,26 22,28 12,18 0,12 1,24 13,26 2,15 0,13 11,15 7,18 24,28 2,26 8,18 17,28 4,28 27,28 12,20 12,26 10,27 6,24 3,19 9,28 0,19 1,23 5,26 16,27 17,21 8,10 3,26 9,16 9,15 15,19 6,15 14,20 15,20 19,22 25,27 18,23 1,4 19,28 14,18 3,23 12,27 18,19 14,27 19,27 4,16 1,5 5,25 10,16 1,27 1,6 18,24 3,18 10,15 3,22 14,21 20,22 2,4 8,23 17,18 20,28 21,24 7,24 9,19 12,13 3,8 1,2 14,24 8,9 1,20 20,25 14,23 11,18 14,15 22,26 14,26 11,12 6,13 10,11 17,25 7,19 9,27 5,22 1,19 9,26 16,17 0,7 2,7 16,23 0,1 2,19 19,23 0,26 10,18 17,22 2,14 3,4 14,22 23,25 3,7 22,23 1,3 8,17 1,21 10,22 12,24 8,26 5,10 7,8 3,20 16,18 4,12 19,20 12,15 5,19 6,10 12,17 4,26 4,19 5,15 3,21 4,7 15,16 13,21 9,20 11,24 3,14 7,25 4,9 5,24 16,19 9,22 10,24 6,21 11,16 5,14 13,14
35 34
8,19 0,11 9,10 3,23 1,29 6,17 7,8 8,28 5,16 2,25 1,12 2,3 6,26 6,24 6,32 4,27 6,7 0,2 5,6 3,4 2,13 4,15 4,33 9,20 6,30 10,21 7,18 8,9 2,22 0,31 4,5 1,10 6,34 3,14
23 22
1,10 2,3 0,9 2,11 1,8 7,16 3,4 0,2 8,17 6,7 4,5 2,21 5,6 3,18 4,13 3,12 7,8 3,22 5,14 6,15 6,19 0,20
21 61
3,17 7,15 8,20 1,17 17,19 0,11 4,16 0,5 1,9 1,16 2,18 0,6 8,17 6,9 0,2 10,12 6,19 3,4 0,9 10,20 2,17 4,5 10,17 6,10 6,15 15,19 6,7 5,14 8,18 0,17 11,16 17,18 1,4 9,19 2,4 2,7 4,13 1,7 0,14 14,15 5,12 4,8 5,11 5,6 10,19 7,16 14,18 4,9 7,20 9,20 18,19 4,6 2,3 10,18 11,15 7,14 5,15 9,11 5,18 15,16 5,9
32 105
4,27 3,30 14,17 0,23 3,4 18,27 10,27 0,27 2,4 9,19 16,22 3,13 9,24 4,12 8,13 5,21 5,6 3,9 4,9 8,18 1,11 9,10 7,24 15,18 15,21 16,20 20,22 24,29 7,8 26,31 10,29 23,27 8,22 6,7 24,26 2,13 20,23 2,3 2,20 15,19 1,5 1,22 16,17 0,2 1,7 11,15 8,11 8,25 5,16 19,20 6,9 9,28 18,23 15,31 9,30 13,14 15,25 11,12 19,24 12,13 1,19 11,27 11,25 3,12 6,14 3,14 15,16 3,18 10,21 13,27 4,20 8,16 8,31 20,29 18,22 14,15 10,11 4,13 18,26 4,5 14,21 5,19 1,15 17,18 4,14 1,27 4,22 21,31 13,21 6,24 5,13 4,11 9,25 5,12 16,24 4,25 8,9 5,8 14,30 10,26 19,22 18,19 26,29 3,23 10,14
33 260
5,31 12,15 24,29 8,22 13,31 8,23 18,22 4,17 24,30 9,18 15,16 5,26 13,29 2,30 19,26 8,32 19,24 17,22 18,20 0,26 0,13 23,24 7,24 19,21 7,12 8,9 11,22 6,7 9,14 3,17 22,31 16,30 27,31 16,20 1,30 3,20 13,21 4,6 19,20 14,30 4,23 8,25 15,17 9,27 6,10 6,25 9,13 3,27 28,29 12,31 3,8 24,25 0,25 27,29 20,25 15,32 14,19 3,30 0,11 2,11 3,21 16,28 3,4 7,17 14,27 4,27 21,29 7,19 2,18 21,30 11,18 16,21 2,23 12,20 9,21 27,32 1,5 7,15 28,30 3,23 7,25 18,29 3,9 4,10 6,20 0,2 6,23 7,11 10,24 11,27 16,19 14,31 5,29 22,30 10,12 27,28 21,24 7,13 16,17 16,31 8,30 0,22 2,26 8,20 17,28 18,21 11,12 13,24 10,27 8,14 7,18 20,28 25,27 20,31 25,32 15,23 14,23 17,18 3,29 23,29 14,29 5,10 12,27 17,23 4,15 2,3 19,25 20,22 12,17 18,24 1,19 29,31 5,15 30,32 17,21 4,20 10,20 2,4 1,16 12,29 5,24 21,22 12,26 25,26 3,18 23,26 13,15 1,22 1,2 22,27 11,13 1,17 0,23 5,19 15,24 12,28 5,16 9,25 1,12 1,31 5,11 3,7 0,4 6,9 16,32 14,16 4,12 1,8 1,3 5,6 20,24 14,25 4,29 14,15 4,21 24,27 2,5 14,18 1,11 9,31 6,19 0,21 8,15 2,22 3,26 12,14 1,7 4,5 0,7 0,16 22,23 6,32 8,21 0,20 24,32 10,30 1,26 2,10 20,21 10,11 12,18 9,10 8,12 6,15 6,26 1,27 6,12 0,24 4,14 26,27 15,29 9,28 8,13 15,25 11,19 1,28 2,8 20,23 18,19 11,28 12,13 7,8 6,31 9,32 22,29 12,23 13,19 7,20 25,31 11,29 23,28 6,30 13,14 2,15 14,22 12,16 3,15 12,21 10,32 7,16 7,31 7,21 10,14 0,30 9,22 2,28 0,14 3,24 26,32 7,32 14,20 4,13 12,24 9,29 5,25 13,22 0,27 2,20 0,3 0,29
32 291
11,31 7,8 12,26 27,30 11,19 1,16 9,25 9,30 5,14 11,15 0,28 19,31 4,31 8,31 10,19 8,12 4,9 5,17 18,30 5,30 9,17 8,13 23,27 20,22 2,4 19,27 9,13 11,27 10,20 24,31 13,14 4,13 3,25 12,22 7,28 15,18 10,31 18,27 1,13 11,14 2,30 26,31 3,8 0,14 1,5 18,21 8,19 14,27 11,12 6,25 5,24 25,29 1,30 15,21 4,27 10,13 22,29 1,22 12,16 13,22 15,19 23,31 8,18 8,29 5,25 23,24 24,27 8,9 5,26 21,29 22,25 8,15 1,27 11,26 3,20 3,7 14,18 6,30 12,15 16,18 2,17 6,12 7,18 16,28 16,27 3,11 7,31 3,22 1,20 18,28 16,30 19,25 1,10 9,15 8,11 7,16 17,31 2,13 4,17 4,25 7,23 8,26 5,10 19,24 10,26 2,3 28,29 13,15 5,12 14,25 1,12 4,24 2,15 20,27 0,11 3,15 0,29 19,28 10,25 8,30 0,4 8,14 11,23 15,25 14,28 0,16 7,29 4,16 20,24 24,25 23,28 15,29 5,29 12,29 6,16 8,23 4,6 0,3 10,16 25,30 1,14 5,23 9,23 1,28 9,16 26,29 22,23 13,31 16,17 10,29 0,1 10,23 25,28 9,26 15,31 5,20 2,19 1,23 1,26 0,2 12,27 24,28 13,28 12,25 2,20 6,9 26,27 17,30 1,31 2,22 14,31 10,22 3,30 18,31 1,15 8,20 8,17 6,11 29,30 20,28 10,30 16,25 25,27 3,12 21,26 4,10 24,26 1,24 12,19 21,22 17,28 12,28 3,28 11,28 17,26 14,15 4,20 5,15 10,28 0,17 14,24 3,29 19,23 8,22 1,8 1,25 0,18 3,13 11,30 11,16 4,21 7,10 16,24 10,21 0,19 3,17 2,10 6,27 24,30 14,21 21,30 20,29 2,11 5,21 9,19 7,30 4,5 9,27 9,29 0,20 9,18 9,24 13,18 26,30 18,29 2,27 12,13 5,16 16,26 6,23 21,31 14,16 11,29 12,20 12,31 5,13 20,21 5,7 3,31 21,24 11,24 0,8 2,18 22,27 10,27 8,25 0,27 15,24 17,18 4,19 27,29 21,25 1,2 2,21 2,31 14,20 19,22 1,11 29,31 3,5 4,11 17,25 13,20 19,20 3,4 18,24 0,31 0,10 19,29 27,31 14,29 0,12 10,17 4,30 14,30 1,6 22,24 15,28 7,25 14,17 9,14
21 30
8,9 0,16 4,5 4,12 5,6 7,8 10,13 9,17 13,14 2,3 7,13 6,18 0,14 12,17 0,2 7,12 10,18 8,10 6,7 3,4 1,18 10,20 0,11 8,15 14,18 3,19 6,17 1,9 12,15 3,7
11 23
7,8 3,10 0,1 5,8 3,7 7,10 2,9 8,9 2,10 5,7 3,8 2,5 7,9 3,4 6,10 3,5 2,6 4,9 5,6 6,8 2,8 4,10 8,10
