0 16
1 9
2 0
3 14
4 8
5 3
6 4
7 0
8 6
9 10
10 5
11 5
12 14
13 16
14 1
15 2
16 16
17 9
18 0
19 14
20 8
21 3
22 4
23 0
24 6
25 10
26 5
27 5
28 14
29 16
30 1
31 2
32 16
33 9
34 0
35 14
36 8
37 3
38 4
39 0
40 6
41 10
42 5
43 5
44 14
45 16
46 1
47 2
48 16
49 9
50 0
51 14
52 8
53 3
54 4
55 0
56 6
57 10
58 5
59 5
60 14
61 16
62 1
63 2
64 16
65 9
66 0
67 14
68 8
69 3
70 4
71 0
72 6
73 10
74 5
75 5
76 14
77 16
78 1
79 2
80 16
81 9
82 0
83 14
84 8
85 3
86 4
87 0
88 6
89 10
90 5
91 5
92 14
93 16
94 1
95 2
96 16
97 9
98 0
99 14
100 8
