20
18 6
27 0 48 28 9 44 42 23 34 37 13 29 18 7 6 28 30 37 
19 19
23 39 19 25 43 8 35 49 21 38 15 25 21 14 21 23 39 27 34 
20 20
19 36 8 35 43 34 50 16 21 2 46 8 14 10 22 50 18 42 6 3 
20 1
50 50 50 50 50 50 50 50 50 50 50 50 50 50 50 50 50 50 50 50 
20 1
1 1 1 1 1 1 1 1 1 1 1 1 1 1 1 1 1 1 1 1
20 4
36 0 28 27 21 47 28 15 7 24 14 18 17 12 11 49 46 8 8 40 
18 10
36 0 0 8 36 20 49 2 42 4 34 29 30 29 1 23 45 7 
20 8
39 10 40 21 13 31 29 3 28 12 48 18 47 33 14 42 25 13 13 36 
19 8
17 34 41 7 30 23 25 28 17 46 48 16 41 48 48 35 41 15 32 
4 1
2 7 5 14
2 1
2 2
20 14
13 13 19 13 50 14 22 12 40 40 1 22 18 29 49 29 26 6 3 2 
18 4
28 50 46 28 25 11 3 1 24 31 2 13 3 43 34 38 46 48 
20 1
0 0 0 0 0 0 0 0 0 0 0 0 0 0 0 0 0 0 0 2 
19 14
0 47 1 5 31 21 35 44 6 16 50 41 10 1 30 26 28 45 31 
19 3
43 38 44 43 4 16 1 3 43 37 46 8 45 4 48 19 0 9 4 
10 11
1 2 3 4 5 6 7 8 9 10 
19 20
29 1 14 31 2 43 30 38 27 9 16 33 49 34 29 37 41 29 10 
17 20
29 4 0 11 15 21 25 1 38 11 3 42 49 18 45 46 44 
20 1
0 0 0 0 0 0 0 0 0 0 0 0 0 0 0 0 0 0 0 0 
