0
0
0
0
0
0
0
0
0
0
0
0
0
0
0
0
0
0
0
0
0
0
0
0
0 
2 37 334 35 335 
2 33 333 30 333 
3 35 324 31 324 30 327 
3 30 319 32 321 35 320 
4 -16 326 49 317 48 319 49 316 
5 53 305 49 305 49 305 49 306 54 308 
5 68 307 68 307 68 307 68 307 68 309 
9 77 311 77 311 77 311 77 311 77 311 76 319 75 319 75 321 75 322 
10 167 315 167 315 167 315 167 315 167 315 82 323 92 326 94 325 86 326 86 328 
10 93 318 93 318 93 318 93 318 93 318 90 327 100 328 100 328 95 327 95 333 
10 103 320 103 320 103 320 103 320 103 320 95 329 96 329 98 329 93 329 93 329 
5 88 329 95 329 95 329 86 328 87 330 
10 95 318 95 318 95 318 95 318 95 318 87 327 90 329 90 329 80 330 80 331 
10 81 316 81 316 81 316 81 316 81 316 81 325 90 323 92 325 82 326 82 327 
10 140 313 140 313 140 313 140 313 140 313 117 321 92 321 95 323 88 323 90 321 
10 96 312 96 312 96 312 96 312 96 312 96 319 96 318 98 319 99 316 99 316 
10 119 311 119 311 119 311 119 311 119 311 116 318 115 320 115 318 116 316 116 318 
10 135 314 135 314 135 314 135 314 135 314 135 317 135 319 135 319 133 320 133 325 
10 163 319 163 319 163 319 163 319 163 319 160 324 155 327 155 327 160 325 159 327 
13 175 321 175 321 175 321 175 321 175 321 175 323 175 323 175 323 175 323 175 330 179 333 179 333 176 334 
13 192 326 192 326 192 326 192 326 192 326 192 328 192 328 192 328 192 328 191 334 195 334 194 336 192 336 
18 206 328 206 328 206 328 206 328 206 328 198 329 198 329 198 329 198 329 202 337 202 337 202 337 202 337 202 337 202 337 202 339 211 287 206 334 
17 214 325 214 325 214 325 214 325 214 325 190 331 190 331 190 331 190 331 204 338 204 338 204 338 204 338 204 338 204 338 202 341 204 322 
11 219 325 219 325 219 325 219 325 219 325 188 332 188 332 188 332 188 332 197 339 197 318 
13 202 328 202 328 202 328 202 328 202 328 192 330 192 330 192 330 192 330 192 337 189 337 186 334 185 337 
12 184 325 184 325 184 325 184 325 184 325 184 327 184 327 184 327 184 327 180 333 183 330 178 330 
12 175 321 175 321 175 321 175 321 175 321 175 325 175 325 175 325 175 325 176 328 176 327 172 325 
10 205 317 205 317 205 317 205 317 205 317 146 327 172 322 172 323 174 322 174 324 
6 169 315 175 316 174 314 172 314 172 316 176 315 
6 185 312 184 311 183 313 181 314 180 311 183 311 
6 200 311 195 312 196 308 194 309 193 310 195 310 
6 211 309 213 309 211 309 209 310 209 313 213 313 
6 226 310 237 310 223 310 225 310 228 316 229 313 
6 244 310 241 309 242 310 240 311 240 313 245 313 
9 259 314 259 314 259 314 259 314 259 319 259 317 259 317 257 318 263 320 
9 271 314 271 314 271 314 271 314 271 320 273 321 272 321 276 321 274 320 
9 278 316 278 316 278 316 278 316 278 322 274 323 274 323 276 322 279 322 
12 274 317 274 317 274 317 274 317 280 324 280 324 280 324 280 324 280 324 277 325 278 326 280 325 
12 266 320 266 320 266 320 266 320 278 325 278 325 278 325 278 325 278 325 276 326 277 327 276 328 
12 262 320 262 320 262 320 262 320 274 325 274 325 274 325 274 325 274 325 271 328 271 329 271 329 
12 260 320 260 320 260 320 260 320 270 326 270 326 270 326 270 326 270 326 266 328 265 327 267 327 
12 268 318 268 318 268 318 268 318 268 325 268 325 268 325 268 325 268 325 270 326 270 326 269 326 
9 268 316 268 316 268 316 268 316 272 320 270 324 270 322 270 322 271 322 
9 274 312 274 312 274 312 274 312 274 317 276 318 279 318 276 318 282 321 
9 287 309 287 309 287 309 287 309 287 316 290 315 291 315 290 315 294 315 
9 309 308 309 308 309 308 309 308 309 315 310 317 310 318 309 318 312 318 
9 325 307 325 307 325 307 325 307 325 316 328 316 329 317 328 316 331 316 
9 334 309 334 309 334 309 334 309 348 326 349 321 349 321 347 321 349 321 
14 368 293 368 293 368 293 368 293 368 323 368 323 368 323 368 323 368 323 368 323 368 326 368 327 369 327 367 327 
14 386 290 386 290 386 290 386 290 385 325 385 325 385 325 385 325 385 325 385 325 385 330 384 331 384 331 383 330 
10 390 327 390 327 390 327 390 327 390 327 390 327 390 332 393 332 404 276 404 276 
14 402 287 402 287 402 287 402 287 394 326 394 326 394 326 394 326 394 326 394 326 394 330 398 331 399 333 399 333 
8 400 328 400 328 400 328 400 328 400 328 400 328 398 336 400 319 
8 399 328 399 328 399 328 399 328 399 328 399 328 395 336 397 319 
8 393 328 393 328 393 328 393 328 393 328 393 328 390 335 392 321 
8 388 328 388 328 388 328 388 328 388 328 388 328 388 336 384 324 
9 384 326 384 326 384 326 384 326 384 326 384 326 383 330 378 329 374 331 
9 379 324 379 324 379 324 379 324 379 324 379 324 371 329 372 328 370 329 
5 379 321 378 322 376 321 376 322 377 319 
5 381 316 376 318 378 317 378 316 381 317 
6 386 316 392 316 394 316 395 315 396 317 395 315 
6 411 317 407 314 407 314 405 316 410 316 409 313 
6 430 316 428 311 428 313 429 312 427 313 427 313 
6 452 316 447 314 445 314 450 313 451 315 451 315 
11 470 316 470 316 470 316 470 316 470 316 470 316 470 325 470 319 470 319 469 319 475 320 
11 491 317 491 317 491 317 491 317 491 317 491 317 491 325 492 325 492 325 490 325 496 324 
11 505 319 505 319 505 319 505 319 505 319 505 319 537 336 506 330 506 329 504 330 509 330 
10 512 319 512 319 512 319 512 319 512 319 512 319 510 331 510 329 510 329 515 329 
10 502 322 502 322 502 322 502 322 502 322 502 322 513 331 513 331 512 331 512 331 
11 502 322 502 322 502 322 502 322 502 322 502 322 448 323 505 330 505 330 504 332 503 330 
10 493 321 493 321 493 321 493 321 493 321 493 321 502 330 499 328 498 329 498 328 
10 490 321 490 321 490 321 490 321 490 321 490 321 493 327 494 327 490 330 490 328 
11 492 320 492 320 492 320 492 320 492 320 492 320 492 327 490 325 490 325 492 324 490 323 
6 490 315 494 315 491 313 488 313 492 313 491 311 
6 495 312 499 308 496 308 496 308 500 309 500 310 
6 514 312 512 304 512 305 510 305 515 307 515 307 
6 530 312 531 307 531 307 529 308 532 306 531 308 
11 544 310 544 310 544 310 544 310 544 310 544 310 544 307 553 310 555 316 555 317 554 317 
4 577 319 573 317 573 318 571 321 
9 531 314 531 314 531 314 531 314 531 314 531 314 585 321 585 325 585 325 
11 531 315 531 315 531 315 531 315 531 315 531 315 587 328 587 328 587 328 593 328 594 326 
11 530 318 530 318 530 318 530 318 530 318 530 318 587 339 587 339 587 339 596 333 598 337 
12 530 320 530 320 530 320 530 320 530 320 530 320 586 330 586 330 586 330 594 330 599 330 601 332 
11 530 320 530 320 530 320 530 320 530 320 530 320 586 330 586 330 586 330 591 330 592 332 
9 530 320 530 320 530 320 530 320 530 320 530 320 581 334 581 327 580 329 
9 531 317 531 317 531 317 531 317 531 317 531 317 575 325 576 323 575 324 
5 580 310 572 310 572 308 572 308 580 308 
5 577 300 572 300 572 299 573 298 580 298 
5 587 295 627 310 579 288 579 288 586 291 
5 593 279 586 283 584 279 584 279 590 281 
4 599 266 597 269 597 269 600 269 
5 604 260 603 260 603 260 606 260 606 269 
10 596 263 596 263 596 263 611 260 604 259 604 259 611 260 611 268 609 266 609 266 
