100
739 14487 10
908 21185 574
122 26908 13
771 30975 94
8 28040 4
735 19915 148
882 12445 93
471 9737 114
294 16392 93
265 16309 111
657 19797 386
490 15075 74
748 30641 51
342 72 115
576 5190 34
274 2780 105
541 11785 292
321 12927 247
122 14171 38
319 13224 170
445 14028 353
493 21632 357
699 26071 604
915 16894 643
524 4987 107
275 8154 106
479 30202 3
729 23668 707
851 15909 218
507 13824 161
9 1013 9
483 4249 325
830 22388 309
286 21766 262
142 12816 56
616 7764 582
865 1018 715
346 4250 154
65 30233 31
789 23931 454
366 1212 252
662 19268 197
592 8208 187
674 6583 21
590 22270 102
513 27617 235
55 1551 19
48 150 9
534 26449 180
293 2909 121
252 382 41
689 32241 203
628 9178 34
481 5808 333
947 10615 72
879 8832 250
882 31205 350
22 8474 21
379 30327 148
401 28859 18
403 2729 353
321 25250 120
504 15174 198
106 11250 101
92 9052 35
346 7883 72
203 7976 77
692 1455 419
269 17530 204
91 28568 49
936 1348 921
252 17739 188
56 17489 26
141 12483 72
550 3412 466
639 17871 204
633 22736 17
119 1849 100
797 6541 632
69 26124 26
127 5264 7
87 16600 73
331 1488 199
124 18173 61
794 8995 439
277 2155 236
527 31762 85
848 29788 210
86 20636 54
54 10725 1
890 4617 153
688 21378 330
808 10334 463
838 25309 152
155 7191 2
980 29827 114
582 14120 471
16 31562 2
154 24955 147
189 8586 86
