0
0
0
0
0
0
0
0
0
0
0
0
0
0
0
0
0
0
0
0
0
0
0
0
0
1 33 327
2 30 327 42 339
2 30 324 30 339
2 30 321 30 333
2 33 315 33 327
2 42 309 42 324
2 54 309 54 324
2 69 312 75 327
2 105 333 81 321
2 144 342 87 327
2 192 354 90 333
2 87 333 99 345
2 81 330 96 345
2 78 327 90 342
2 81 321 90 336
2 87 318 87 333
2 102 315 81 333
2 120 318 72 336
2 60 342 156 324
2 45 351 165 330
2 27 363 165 330
2 195 348 213 342
2 201 345 213 345
2 198 345 213 351
2 189 339 207 348
2 180 336 195 345
2 171 330 186 342
2 168 324 183 336
2 168 318 183 318
2 174 315 186 288
2 186 312 192 246
2 198 309 201 192
2 216 312 213 126
2 231 312 228 48
2 246 318 264 318
2 264 327 264 321
2 291 330 273 324
2 327 327 294 330
2 372 318 327 339
2 426 303 372 351
2 264 333 285 333
2 264 330 282 330
2 264 324 282 324
2 270 321 285 321
2 279 315 279 330
2 294 315 264 351
2 315 315 330 330
2 333 318 333 330
2 354 324 372 324
2 354 324 372 327
2 354 324 372 327
2 354 324 393 336
2 354 324 396 339
2 354 324 393 339
2 354 324 390 339
2 354 324 384 339
2 354 324 378 336
2 354 324 372 333
2 354 324 372 327
2 354 324 375 321
2 354 324 381 327
2 354 324 390 345
2 411 312 432 312
2 411 312 432 315
2 411 312 432 315
2 411 312 432 315
2 411 312 432 315
2 411 312 432 315
2 432 315 510 333
2 432 315 507 333
2 432 315 501 333
2 432 315 492 342
2 432 315 480 360
2 432 315 465 387
2 432 315 447 423
2 432 315 501 309
2 432 315 501 309
2 432 315 501 309
2 432 315 501 309
2 432 315 501 309
2 432 315 501 309
2 432 315 501 309
2 432 315 594 333
2 432 315 591 333
2 432 315 585 330
2 432 315 579 324
2 432 315 576 318
2 432 315 573 306
2 576 291 594 291
2 582 276 582 291
2 591 267 591 282
2 600 264 618 264
2 606 264 663 237
2 609 264 726 201
2 606 267 621 276
2 600 264 615 264
2 591 261 606 261
2 585 252 585 267
2 576 240 552 282
2 573 225 507 306
2 570 207 570 225
2 570 189 570 225
2 573 168 573 186
2 582 150 573 186
2 591 138 573 186
2 594 135 573 186
2 600 135 573 186
2 603 138 573 186
2 600 141 573 186
2 594 141 573 186
2 585 153 597 138
2 573 177 588 129
2 558 213 579 120
2 540 261 564 105
2 519 321 543 84
2 495 393 516 57
2 483 24 573 63
2 483 24 582 51
2 591 48 591 66
2 600 45 600 63
2 606 48 606 63
2 603 48 603 63
2 600 48 600 63
2 588 48 588 63
2 576 48 576 63
2 561 42 561 60
2 546 36 546 54
2 540 27 540 45
2 537 21 537 36
2 540 15 540 30
2 546 12 546 27
2 564 12 555 30
2 594 15 558 30
2 636 21 558 21
2 690 30 555 3
2 756 42 555 3
2 834 57 510 30
2 501 30 489 30
2 501 30 480 27
2 456 24 456 42
2 450 18 450 36
2 453 12 453 33
2 456 9 456 27
2 465 9 465 27
2 471 12 471 30
2 477 36 477 18
2 483 81 477 24
2 489 147 471 27
2 495 234 459 30
2 501 342 444 30
2 507 471 426 30
2 408 27 408 48
2 396 24 396 45
2 396 45 375 18
2 369 12 369 33
2 369 9 369 30
2 375 9 375 30
2 384 12 384 33
2 390 18 390 36
2 393 24 393 42
2 387 30 387 48
2 375 33 375 51
2 357 36 357 54
2 336 33 336 54
2 315 30 315 51
2 294 27 294 45
2 276 21 276 39
2 267 36 267 15
2 264 30 264 12
2 267 30 267 9
2 273 30 273 9
2 282 33 282 12
2 288 36 288 18
2 288 42 288 24
2 282 48 282 30
2 276 54 276 36
2 258 57 258 36
2 231 54 231 33
2 195 45 210 27
2 150 30 195 18
2 96 9 189 12
2 189 6 189 27
2 195 6 195 24
2 204 6 204 27
2 213 12 213 33
2 216 18 216 39
2 213 27 213 48
2 204 30 204 51
2 186 54 186 33
2 162 54 186 33
2 141 54 141 33
2 120 51 141 33
2 105 45 141 33
2 93 15 93 36
2 87 12 87 33
2 87 12 87 33
2 90 15 90 36
2 99 21 99 42
2 105 30 105 48
2 105 36 105 57
2 96 45 96 63
2 84 51 84 72
2 66 54 66 75
2 48 54 48 75
2 36 48 36 69
2 27 42 27 63
2 27 33 27 54
2 30 27 30 48
2 36 24 36 45
2 45 24 45 45
2 51 30 51 51
2 54 42 60 63
2 54 57 60 78
2 51 72 51 93
2 39 105 39 87
2 27 117 27 96
2 18 123 18 102
2 18 123 12 105
2 18 123 12 102
2 18 120 18 99
2 24 123 24 102
2 33 132 33 114
2 39 147 33 114
2 42 165 33 114
2 42 180 33 114
2 36 192 33 114
2 27 201 33 114
2 15 204 33 114
2 12 207 33 114
2 9 201 33 114
2 9 177 33 114
2 12 135 33 114
2 18 75 33 114
2 18 75 33 114
2 18 75 33 114
2 18 75 33 114
2 18 75 33 114
2 18 75 33 114
2 27 252 27 270
2 18 258 18 273
2 12 258 12 273
2 18 252 18 270
2 36 240 36 264
2 66 222 66 255
2 108 198 108 243
2 162 228 24 246
2 30 255 30 273
2 30 255 36 267
2 30 255 36 267
2 30 255 42 294
2 30 255 39 306
2 30 255 33 315
2 30 255 27 321
2 30 255 18 327
2 30 255 12 327
2 30 255 6 327
2 30 255 6 336
0
0
0
0
0
0
0
0
0
0
0
0
0
0
0
0
0
0
0
0
0
0
0
0
0
0
0
0
0
0
0
0
0
0
0
0
0
0
0
0
0
0
0
0
0
0
0
0
0
0
0
0
0
0
0
0
0
0
0
0
0
0
0
0
0
0
0
0
0
0
0
0
0
0
0
0
0
0
0
0
0
0
0
0
0
0
0
0
0
0
0
0
0
0
0
0
0
0
0
0
0
0
0
0
0
0
0
0
0
0
0
0
0
0
0
0
0
0
0
0
0
0
0
0
0
0
0
0
0
0
0
0
0
0
0
0
0
0
0
0
0
0
0
0
0
0
0
0
0
0
0
0
0
0
0
0
0
0
0
0
0
0
0
0
0
0
0
0
0
0
0
0
0
0
0
0
0
0
0
0
0
0
0
0
0
0
0
0
0
0
0
0
0
0
0
0
0
0
0
0
0
0
0
0
0
0
0
0
0
0
0
0
0
0
0
0
0
0
0
0
0
0
0
0
0
0
0
0
0
0
0
