0
0
0
0
0
0
0
0
0
0
0
0
0
0
0
0
0
0
0
0
0
0
0
0
0
0
0
0
0
0
0
0
0
0
0
0
0
0
0
0
0
0
0
0
0
0
0
0
0
0
0
0
0
0
0
0
0
0
0
0
0
0
0
0
0
0
0
0
0
0
0
0
0
0
0
0
0
0
0
0
0
0
0
0
0
0
0
0
0
0
0
0
0
0
1 45 327
1 45 330
1 48 333
1 54 339
1 63 342
1 72 342
1 81 342
1 93 336
1 99 330
1 99 324
1 96 321
1 93 321
1 93 327
1 96 336
1 105 342
1 123 342
1 141 342
1 159 339
1 174 336
1 180 327
1 177 321
1 174 321
1 174 327
1 180 339
1 192 357
1 210 381
1 234 411
1 264 447
1 300 489
1 342 537
1 390 591
1 444 651
1 504 717
1 267 324
1 276 333
1 288 342
1 306 345
1 327 345
1 348 345
1 360 339
1 363 333
1 360 327
1 357 327
1 354 330
1 360 339
1 372 342
1 387 345
1 402 345
1 417 342
1 429 336
1 435 327
1 435 321
1 432 315
1 429 315
1 432 324
1 441 333
1 459 342
1 480 342
1 501 342
1 519 339
1 534 333
1 537 324
1 534 318
1 525 315
1 519 321
1 522 330
1 531 339
1 543 342
1 555 342
1 570 339
1 579 330
1 582 321
1 579 312
1 573 309
1 567 309
1 567 315
1 576 321
1 585 315
1 591 303
1 594 288
1 594 267
1 591 243
1 585 222
1 576 207
1 573 207
1 570 210
1 573 219
1 582 222
1 591 216
1 594 204
1 594 183
1 591 162
1 582 141
1 570 129
1 558 123
1 555 129
1 555 138
1 564 144
1 576 144
1 588 132
1 591 114
1 588 96
1 576 81
1 561 69
1 549 69
1 546 75
1 552 81
1 564 81
1 573 69
1 573 54
1 567 39
1 552 27
1 531 21
1 510 21
1 492 27
1 480 36
1 477 48
1 483 51
1 492 51
1 495 45
1 495 33
1 483 27
1 468 21
1 444 21
1 423 27
1 408 33
1 399 45
1 399 51
1 405 54
1 411 51
1 414 42
1 405 33
1 390 24
1 369 18
1 345 21
1 327 27
1 318 39
1 315 48
1 318 54
1 324 54
1 327 48
1 318 39
1 303 30
1 282 24
1 261 24
1 246 33
1 237 42
1 231 51
1 234 57
1 243 57
1 249 48
1 246 39
1 237 30
1 219 24
1 198 21
1 180 27
1 168 36
1 162 48
1 165 57
1 174 57
1 180 48
1 177 36
1 165 24
1 150 15
1 132 12
1 117 15
1 105 24
1 99 36
1 102 48
1 108 54
1 117 60
1 123 57
1 117 45
1 105 30
1 87 24
1 69 27
1 54 39
1 45 57
1 42 75
1 48 93
1 57 102
1 63 99
1 63 90
1 57 84
1 48 84
1 36 93
1 27 114
1 24 138
1 30 159
1 39 174
1 48 177
1 57 174
1 57 165
1 57 162
1 48 165
1 36 177
1 24 195
1 21 216
1 24 240
1 33 255
1 45 261
1 54 261
1 57 252
1 54 246
1 48 246
1 36 252
1 30 267
1 27 285
1 30 297
1 36 303
1 45 300
1 45 291
1 39 282
1 33 279
1 21 282
1 3 291
1 3 306
1 3 327
1 3 354
1 3 387
1 3 426
1 57 327
1 57 321
0
0
0
0
0
0
0
0
0
0
0
0
0
0
0
0
0
0
0
0
0
0
0
0
0
0
0
0
0
0
0
0
0
0
0
0
0
0
0
0
0
0
0
0
0
0
0
0
0
0
0
0
0
0
0
0
0
0
0
0
0
0
0
0
0
0
0
0
0
0
0
0
0
0
0
0
0
0
0
0
0
0
0
0
0
0
0
0
0
0
0
0
0
0
0
0
0
0
0
0
0
0
0
0
0
0
0
0
0
0
0
0
0
0
0
0
0
0
0
0
0
0
0
0
0
0
0
0
0
0
0
0
0
0
0
0
0
0
0
0
0
0
0
0
0
0
0
0
0
0
0
0
0
0
0
0
0
0
0
0
0
0
0
0
0
0
0
0
0
0
0
0
0
0
0
0
0
0
0
0
0
0
0
0
0
0
0
0
0
0
0
0
0
0
0
0
0
0
0
0
0
