0
0
0
0
0
0
0
0
0
0
0
0
0
0
0
0
0
0
0
0
0
0
3 30 315 18 339 30 339
4 33 315 21 339 33 339 21 315
4 39 315 39 342 60 315 60 342
4 48 318 36 342 69 318 48 342
4 81 318 48 342 60 318 60 342
4 96 318 45 342 75 345 75 318
4 111 321 93 321 81 345 93 345
4 111 321 99 321 99 348 111 348
3 129 321 129 348 150 321
4 150 324 138 324 150 348 171 324
4 171 327 159 327 171 351 192 327
3 192 327 192 348 213 327
3 213 327 213 348 234 327
3 234 327 234 348 255 327
3 258 327 258 348 276 327
3 279 324 279 351 300 324
3 303 324 303 348 321 324
3 324 321 324 345 345 321
4 348 318 339 318 348 342 366 318
4 372 315 372 339 390 315 390 339
4 384 312 393 312 393 339 414 312
4 389 312 417 312 417 336 438 312
4 429 312 441 312 441 330 462 312
4 434 312 453 309 465 309 465 330
4 456 309 474 327 486 327 504 327
4 456 309 507 327 492 327 492 309
4 456 309 492 309 513 324 525 324
4 492 309 522 324 531 324 543 324
4 492 309 537 324 549 324 561 324
4 564 327 552 327 576 327 594 327
4 576 327 603 327 564 327 588 327
4 605 331 573 321 585 321 612 321
4 585 326 618 318 579 318 591 318
4 621 318 582 318 597 318 609 318
4 585 312 597 312 612 312 621 312
4 585 306 600 306 621 306 621 291
4 588 297 603 297 624 297 624 282
4 588 288 606 288 624 288 624 273
4 588 249 588 273 606 249 606 273
4 588 237 624 237 588 261 624 261
4 585 222 618 246 585 246 603 222
4 585 207 603 231 585 231 603 207
4 582 189 615 216 582 216 615 189
4 582 171 615 198 582 198 600 171
4 579 153 597 186 579 186 597 153
4 576 132 597 189 609 168 576 168
4 576 114 597 189 576 173 576 147
4 573 99 573 135 603 99 603 135
4 573 81 600 120 573 120 591 120
4 570 66 591 125 570 102 600 66
4 567 54 570 108 597 75 567 75
4 567 42 591 84 567 63 567 84
4 564 54 564 33 564 75 588 33
4 558 48 558 27 564 78 558 69
4 549 60 549 21 564 78 573 21
4 540 57 540 18 540 36 564 18
4 552 54 552 15 552 33 531 54
4 531 57 543 12 543 30 543 51
3 528 12 528 30 528 51
4 531 51 513 12 489 51 513 51
4 489 58 492 12 492 30 492 51
4 495 51 474 12 474 30 474 54
4 495 51 456 12 456 30 456 54
4 495 51 459 55 438 9 438 30
4 495 51 423 9 423 27 423 54
4 495 51 402 9 402 27 402 54
4 381 9 381 27 366 54 381 54
4 360 54 360 9 360 27 360 45
4 364 44 336 9 336 27 336 54
4 339 55 309 9 309 27 309 54
4 291 9 291 30 291 57 291 45
4 295 59 296 45 270 12 270 30
4 249 12 249 30 249 57 249 45
4 254 45 228 12 228 33 228 57
4 254 45 231 58 210 15 210 33
4 254 45 231 58 192 15 192 33
4 254 45 231 58 177 15 177 36
4 254 45 231 58 162 36 162 60
4 254 45 231 58 150 36 150 60
4 254 45 231 58 153 61 138 39
4 254 45 231 58 153 61 129 21
4 153 61 117 21 117 42 117 66
4 153 61 78 42 78 69 111 24
4 153 61 102 45 66 45 66 72
4 153 61 66 45 54 48 54 75
4 87 66 45 66 45 81 87 81
4 81 72 36 72 36 60 36 87
4 75 75 30 75 30 93 75 66
4 75 81 27 81 27 99 57 81
4 69 90 21 108 51 90 21 90
4 66 114 21 114 21 105 48 114
4 69 126 18 126 18 108 45 126
4 66 132 21 132 42 132 21 120
4 66 147 21 136 42 147 66 132
4 63 159 39 159 39 141 63 141
4 63 171 36 171 36 156 54 171
4 63 180 36 189 63 189 36 162
4 63 177 33 192 63 192 51 192
3 63 210 51 210 33 210
3 63 225 51 225 33 225
3 63 240 51 240 33 240
3 60 240 60 252 33 252
3 60 252 33 264 60 264
3 30 276 57 264 57 276
3 30 291 57 291 45 291
3 27 312 51 312 51 300
1 39 315
1 39 315
0
0
0
0
0
0
0
0
0
0
0
0
0
0
0
0
0
0
0
0
0
0
0
0
0
0
0
0
0
0
0
0
0
0
0
0
0
0
0
0
0
0
0
0
0
0
0
0
0
0
0
0
0
0
0
0
0
0
0
0
0
0
0
0
0
0
0
0
0
0
0
0
0
0
0
0
0
0
0
0
0
0
0
0
0
0
0
0
0
0
0
0
0
0
0
0
0
0
0
0
0
0
0
0
0
0
0
0
0
0
0
0
0
0
0
0
0
0
0
0
0
0
0
0
0
0
0
0
0
0
0
0
0
0
0
0
0
0
0
0
0
0
0
0
0
0
0
0
0
0
0
0
0
0
0
0
0
0
0
0
0
0
0
0
0
0
0
0
0
0
0
0
0
0
0
0
0
0
0
0
0
0
0
0
0
0
0
0
0
0
0
0
0
0
0
0
0
0
0
0
0
0
0
0
0
0
0
0
0
0
0
0
0
0
0
0
0
0
0
0
0
0
0
0
0
0
0
0
0
0
0
0
0
0
0
0
0
0
0
0
0
0
0
0
0
0
0
0
0
0
0
0
0
0
0
0
0
0
0
0
0
0
0
0
0
0
0
0
0
0
0
0
0
0
0
0
0
0
0
0
0
0
0
0
0
0
0
0
0
0
0
0
0
0
0
0
0
0
0
0
0
0
0
0
0
0
0
0
0
0
0
0
0
0
0
0
0
0
0
0
0
0
0
0
0
0
0
0
0
0
0
0
0
0
0
0
0
0
0
0
0
0
0
0
0
0
0
0
0
0
0
0
0
0
0
0
0
0
0
0
0
0
0
0
0
0
0
0
0
0
0
0
0
0
0
0
0
0
0
0
0
0
0
0
0
0
0
0
0
0
0
0
0
0
0
0
0
0
0
0
0
0
0
0
0
0
0
0
0
0
0
0
0
0
0
0
0
0
0
0
0
0
0
0
0
0
0
0
0
0
0
0
0
0
0
0
0
0
0
0
0
0
0
0
0
0
0
0
0
0
0
0
0
0
0
0
0
0
0
0
0
0
0
0
0
0
0
0
0
0
0
0
0
0
0
0
0
0
0
0
0
0
0
0
0
0
0
0
0
0
0
0
0
0
0
0
0
0
0
0
0
0
0
0
0
0
0
0
0
0
0
0
0
0
0
0
0
0
0
0
0
0
0
0
0
0
0
0
0
0
0
0
0
0
0
0
0
0
0
0
0
0
0
0
0
0
0
0
0
0
0
0
0
0
0
0
0
0
0
0
0
0
0
0
0
0
0
0
0
0
0
0
0
0
0
0
0
0
0
0
0
0
0
0
0
0
0
0
0
0
0
0
0
0
0
0
0
0
0
0
0
0
0
0
0
0
0
0
0
0
0
0
0
0
0
