0
0
0
0
0
0
0
0
0
0
0
0
0
0
0
0
0
0
0
0
0
0
4 15 279 15 303 15 327 33 279
4 15 279 27 303 15 318 27 279
4 15 303 15 330 15 282 33 282
4 15 363 21 288 21 309 21 333
3 33 318 33 342 45 294
4 48 342 48 300 57 324 66 300
4 48 342 48 300 69 324 69 300
4 48 342 48 300 84 324 84 294
4 93 324 84 288 84 312 84 330
4 87 318 78 279 78 306 84 330
4 69 300 69 273 69 315 78 321
4 39 270 60 273 57 339 69 315
4 60 276 42 378 60 303 60 324
4 66 285 60 285 60 309 60 333
4 72 294 72 318 72 342 87 333
4 81 327 87 300 87 348 102 327
4 102 330 102 306 102 351 120 306
4 102 330 102 306 120 303 120 330
4 102 330 132 321 132 297 132 339
4 102 330 135 312 135 285 135 330
4 135 303 135 279 135 318 150 312
4 126 297 126 270 126 309 141 309
4 117 291 117 264 117 303 144 303
4 111 288 111 261 111 303 159 294
4 114 288 108 264 108 303 186 282
4 132 297 114 276 114 297 225 267
4 153 312 135 288 135 312 135 336
4 162 297 168 321 168 345 183 297
4 162 297 186 300 186 345 195 324
4 162 297 186 300 207 321 207 297
4 162 297 207 321 222 288 222 315
4 162 297 207 321 228 282 228 306
4 162 297 225 273 225 300 237 312
4 162 297 216 261 216 288 240 303
4 162 297 201 246 201 276 240 303
4 162 297 180 228 189 276 240 303
4 162 297 189 282 240 303 189 261
4 201 300 240 303 201 324 210 273
4 222 330 243 315 201 324 210 273
4 240 327 240 300 240 348 267 300
4 258 306 258 333 258 351 288 306
4 258 306 282 303 273 303 273 330
4 282 297 282 324 297 336 318 297
4 285 294 285 315 294 327 321 294
4 279 285 279 312 291 321 297 285
4 267 276 267 303 276 315 297 276
4 255 273 255 297 255 309 297 276
4 246 273 246 297 228 303 297 276
4 195 297 297 276 249 300 255 276
4 297 276 267 288 273 309 273 333
4 297 276 291 297 297 321 297 342
4 291 297 321 300 321 327 327 342
4 321 300 321 327 345 300 345 339
4 321 300 321 327 366 294 366 321
4 321 300 375 315 375 288 393 288
4 321 300 378 309 378 282 387 282
4 321 300 375 306 375 279 387 279
4 321 300 369 300 369 276 384 276
4 321 300 357 300 357 273 381 273
4 321 300 351 300 351 273 369 273
4 321 300 351 315 357 276 348 276
4 360 336 366 285 366 309 378 324
4 381 321 381 297 387 345 402 297
4 408 303 408 330 414 348 432 303
4 408 303 441 303 432 348 441 330
4 408 303 453 324 453 300 468 333
4 408 303 468 291 468 315 486 291
4 408 303 471 285 471 309 483 285
4 408 303 468 282 468 306 483 282
4 408 303 456 279 456 303 480 279
4 408 303 441 276 441 303 459 276
4 408 303 426 279 426 303 420 273
4 411 288 411 303 363 270 429 282
4 396 303 435 291 435 315 435 336
4 435 336 456 300 456 324 456 342
4 456 324 480 306 480 330 489 348
4 456 324 480 306 480 330 504 309
4 456 324 480 306 504 309 522 306
4 480 306 504 309 522 306 537 297
4 480 306 504 309 522 306 546 288
4 522 306 540 276 540 294 564 276
4 522 306 528 273 528 288 552 273
4 522 306 513 270 513 288 546 270
4 519 294 498 270 498 288 549 270
4 507 294 492 273 492 294 561 273
4 498 300 498 282 510 312 519 282
4 516 312 516 288 537 288 537 312
4 516 312 516 288 537 294 537 318
4 516 288 537 294 558 288 558 306
4 516 288 537 294 558 288 573 279
4 573 270 594 270 606 285 624 270
4 564 264 588 264 600 273 618 264
4 552 258 576 258 600 273 552 243
4 534 246 558 246 558 231 534 231
4 519 225 543 225 555 225 543 243
4 507 195 531 195 534 222 534 243
4 498 156 522 156 495 222 513 222
4 516 108 438 225 480 180 522 219
4 363 231 522 219 540 216 540 240
4 270 240 522 219 540 216 555 207
4 159 252 567 186 591 186 621 186
4 573 177 573 165 597 165 624 165
4 573 177 570 153 594 153 570 138
4 573 177 570 153 594 153 558 132
4 573 177 570 153 594 153 558 132
4 573 177 570 153 558 132 528 99
4 555 123 528 99 513 114 543 114
4 555 129 528 99 543 114 504 129
4 549 138 528 99 543 114 498 138
4 534 144 528 99 543 114 501 144
4 513 147 528 99 543 114 501 144
4 486 147 528 99 543 114 501 144
4 453 144 552 120 501 144 573 120
4 561 90 561 108 585 90 585 108
4 561 96 561 108 585 96 585 108
4 561 96 561 108 585 96 585 108
4 561 96 561 108 585 96 540 42
4 561 96 561 108 585 96 546 42
4 561 96 585 96 540 51 501 51
4 561 96 585 96 513 66 501 51
4 561 96 585 96 465 87 501 51
4 561 96 585 96 396 114 483 81
4 546 96 585 96 483 81 498 72
4 537 78 483 81 498 72 513 57
4 525 57 525 36 549 36 549 57
4 528 51 528 42 552 42 552 51
4 522 30 546 30 546 45 522 6
4 507 6 531 6 531 27 522 6
4 489 6 510 27 489 27 510 6
4 462 33 486 42 486 33 462 9
4 426 87 459 72 459 18 435 45
4 381 168 429 117 432 48 405 48
4 396 177 432 45 408 45 384 45
4 360 252 435 36 408 45 384 45
4 321 342 441 21 408 45 384 45
4 450 0 417 57 390 57 417 78
4 462 0 408 60 390 57 417 78
4 477 0 393 62 390 57 417 78
4 372 64 417 78 414 18 414 39
4 345 66 417 78 420 15 420 36
4 312 67 417 78 408 30 375 9
4 369 30 369 6 348 6 348 30
4 342 33 321 12 321 33 342 12
4 342 33 312 21 312 42 291 51
4 288 39 264 66 288 60 306 60
4 288 39 267 57 279 57 306 60
4 288 39 261 69 282 69 237 69
4 288 39 243 90 291 84 243 66
4 285 48 306 102 243 66 261 69
4 273 63 327 123 273 48 300 27
4 256 83 276 42 297 33 276 12
4 235 108 264 36 285 27 264 6
4 210 138 240 24 264 24 264 3
4 180 174 213 6 213 24 237 6
4 145 214 186 9 207 27 186 27
4 156 33 177 15 177 33 195 33
4 123 78 195 33 126 30 147 30
4 87 144 126 30 96 45 120 45
4 48 231 96 51 126 51 78 51
4 6 339 96 57 126 57 78 57
4 93 66 111 66 78 57 126 75
4 87 78 81 78 78 57 114 69
4 78 57 126 42 126 60 150 42
4 126 27 126 48 150 27 150 48
4 114 18 114 39 138 18 138 39
4 96 12 96 24 126 30 117 12
4 75 18 72 3 102 18 90 27
4 54 24 42 3 87 24 75 36
4 36 36 6 3 42 51 54 36
4 21 48 6 3 42 48 57 48
4 18 63 57 63 18 84 39 63
4 45 78 21 78 39 63 21 96
4 30 90 30 105 45 99 72 90
4 12 99 30 105 39 90 57 90
4 12 105 45 78 63 78 90 78
4 60 72 84 72 39 63 60 63
4 72 72 27 57 48 57 72 57
4 54 78 15 51 42 51 72 57
4 30 90 6 54 30 54 72 57
4 0 108 6 75 27 75 42 63
4 0 132 18 78 42 63 9 90
4 0 162 18 78 42 63 15 111
4 42 63 24 132 36 117 51 132
4 42 63 30 132 36 117 42 132
4 42 63 30 132 39 138 39 156
4 42 63 30 132 42 150 39 156
4 30 132 57 129 69 144 81 129
4 30 132 54 126 66 135 78 126
4 30 132 45 129 60 129 81 129
4 30 132 33 135 51 135 33 153
4 18 153 18 174 36 153 36 174
4 36 153 27 171 12 189 27 195
4 36 153 27 171 18 192 12 210
4 36 153 27 171 15 234 33 213
4 36 153 27 240 27 225 48 225
4 27 240 27 225 42 228 42 246
4 27 240 27 225 57 228 84 228
4 27 225 93 213 81 222 63 213
4 150 183 90 213 60 204 78 204
4 111 201 48 204 63 204 90 204
3 57 216 33 216 72 225
4 57 228 27 228 72 225 15 240
4 63 240 72 225 9 258 18 243
4 72 225 9 255 9 273 30 255
4 72 225 9 255 18 267 39 267
4 72 225 9 255 27 276 27 297
4 72 225 9 255 39 276 39 294
4 72 225 9 255 66 273 51 273
4 72 225 9 255 102 261 57 261
4 72 225 9 255 147 240 54 258
4 72 225 9 255 45 264 60 270
4 72 225 9 255 27 273 51 273
4 72 225 9 255 12 285 12 306
4 72 225 9 255 6 294 6 312
0
0
0
0
0
0
0
0
0
0
0
0
0
0
0
0
0
0
0
0
0
0
0
0
0
0
0
0
0
0
0
0
0
0
0
0
0
0
0
0
0
0
0
0
0
0
0
0
0
0
0
0
0
0
0
0
0
0
0
0
0
0
0
0
0
0
0
0
0
0
0
0
0
0
0
0
0
0
0
0
0
0
0
0
0
0
0
0
0
0
0
0
0
0
0
0
0
0
0
0
0
0
0
0
0
0
0
0
0
0
0
0
0
0
0
0
0
0
0
0
0
0
0
0
0
0
0
0
0
0
0
0
0
0
0
0
0
0
0
0
0
0
0
0
0
0
0
0
0
0
0
0
0
0
0
0
0
0
0
0
0
0
0
0
0
0
0
0
0
0
0
0
0
0
0
0
0
0
0
0
0
0
0
0
0
0
0
0
0
0
0
0
0
0
0
0
0
0
0
0
0
0
0
0
0
0
0
0
0
0
0
0
0
0
0
0
0
0
0
0
0
0
0
0
0
0
0
0
0
0
0
0
0
0
0
0
0
0
0
0
0
0
0
0
0
0
0
0
0
0
0
0
0
0
0
0
0
0
0
0
0
0
0
0
0
0
0
0
0
0
0
0
0
0
0
0
0
0
0
0
0
0
0
0
0
0
0
0
0
0
0
0
0
0
0
0
0
0
0
0
0
0
0
0
0
0
0
0
0
0
0
0
0
0
0
0
0
0
0
0
0
0
0
0
0
0
0
0
0
0
0
0
0
0
0
0
0
0
0
0
0
0
0
0
0
0
0
0
0
0
0
0
0
0
0
0
0
0
0
0
0
0
0
0
0
0
0
0
0
0
0
0
0
0
0
0
0
0
0
0
0
0
0
0
0
0
0
0
0
0
0
0
0
0
0
0
0
0
0
0
0
0
0
0
0
0
0
0
0
0
0
0
0
0
0
0
0
0
0
0
0
0
0
0
0
0
0
0
0
0
0
0
0
0
0
0
0
0
0
0
0
0
0
0
0
0
0
0
0
0
0
0
0
0
0
0
0
0
0
0
0
0
0
0
0
0
0
0
0
0
0
0
0
0
0
0
0
0
0
0
0
0
0
0
0
0
0
0
0
0
0
0
0
0
0
0
0
0
0
0
0
0
0
0
0
0
0
0
0
0
0
0
0
0
0
0
0
0
0
0
0
0
0
0
0
0
0
0
0
0
0
0
0
0
0
0
0
0
0
0
0
0
0
0
0
0
0
0
0
0
0
0
0
0
0
0
0
0
0
0
0
0
0
0
0
0
0
0
0
0
0
0
0
0
0
0
0
0
0
0
0
0
0
0
0
0
0
0
0
0
0
0
0
0
0
0
0
0
0
0
0
0
0
0
0
0
0
0
0
0
0
0
0
0
0
0
0
0
0
0
0
0
0
0
0
0
0
0
0
0
0
0
0
0
0
0
0
0
0
0
0
0
0
0
0
0
0
0
0
0
0
0
0
0
0
0
0
0
0
0
0
0
0
0
0
0
0
0
0
0
0
0
0
0
0
0
0
0
0
0
0
0
0
0
0
0
0
0
0
0
0
0
0
0
0
0
0
0
0
0
0
0
0
0
0
0
0
0
0
0
0
0
0
0
0
0
0
0
0
0
0
0
0
0
0
0
0
0
0
0
0
0
0
0
0
0
0
0
0
0
0
0
0
0
0
0
0
0
0
0
0
0
0
0
0
0
0
0
0
0
0
0
0
0
0
0
0
0
0
0
0
0
0
0
0
0
0
0
0
0
0
0
0
0
0
0
0
0
0
0
0
0
0
0
0
0
0
0
0
0
0
0
0
0
0
0
0
0
0
0
0
0
0
0
0
0
0
0
0
0
0
0
0
0
0
0
0
0
0
0
0
0
0
0
0
0
0
0
0
0
0
0
0
0
0
0
0
0
0
0
0
0
0
0
0
0
0
0
0
0
0
0
0
0
0
0
0
0
0
0
0
0
0
0
0
0
0
0
0
0
0
0
0
0
0
0
0
0
0
0
0
0
0
0
0
0
0
0
0
0
0
0
0
0
0
0
0
0
0
0
0
0
0
0
0
0
0
0
0
0
0
0
0
0
0
0
0
0
0
0
0
0
0
0
0
0
0
0
0
0
0
0
0
0
0
0
0
0
0
0
0
0
0
0
0
0
0
0
0
0
0
0
0
0
0
0
0
0
0
0
0
0
0
0
0
0
0
0
0
0
0
0
0
0
0
0
0
0
0
0
0
0
0
0
0
0
0
0
0
0
0
0
0
0
0
0
0
0
0
0
0
0
0
0
0
0
0
0
0
0
0
0
0
0
0
0
0
0
0
0
0
0
0
0
0
0
0
0
0
0
0
0
0
0
0
0
0
0
0
0
0
0
0
0
0
0
0
0
0
0
0
0
0
0
0
0
0
0
0
0
0
0
0
0
0
0
0
0
0
0
0
0
0
0
0
0
0
0
0
0
0
0
0
0
0
0
0
0
0
0
0
0
0
0
0
0
0
0
0
0
0
0
0
0
0
0
0
0
0
0
0
0
0
0
0
0
0
0
0
0
0
0
0
0
0
0
0
0
0
0
0
0
0
0
0
0
0
0
0
0
0
0
0
0
0
0
0
0
0
0
0
0
0
0
0
0
0
0
0
0
0
0
0
0
0
0
0
0
0
0
0
0
0
0
0
0
0
0
0
0
0
0
0
0
0
0
0
0
0
0
0
0
0
0
0
0
0
0
