2000
8821706 79 74
8844456239644 96 23
43977098279966 29 37
979 29 80
9038702326970 81 3
8873 83 15
3 75 13
58847 3 94
743145445 55 55
554739853702 36 19
614906950 59 38
47336853574474 62 89
105 88 24
6651261045 71 61
110 5 6
9 37 13
718 26 69
961368090 44 53
74343701951 89 2
23 63 80
6458245810 33 82
128 1 26
9344216 20 90
50839718215 97 37
1 72 50
17 79 67
27 61 50
95 11 24
115 42 37
74 16 31
2068601 18 16
2079901 49 12
497075540233329 22 3
34332 64 57
145 26 28
537 77 79
116 24 8
521302216305 98 5
858039527077 1 94
79 34 97
47 18 1
70 84 99
19 36 74
2234728 59 85
23 81 88
5 6 57
68790 97 18
26 53 20
53 23 54
7 31 60
100 79 33
134 47 88
54348 97 77
1 4 33
63 99 14
32 29 31
41 91 73
5113286226 49 65
111 65 47
822639 67 72
101 98 58
6021200128 77 16
7 95 96
38872 8 1
126 60 82
32 94 11
93 62 56
5363995924879 16 71
3358 59 66
51848777 86 86
98 14 58
80 12 65
53051259633 20 9
34 33 5
502048309 87 11
50 21 42
6 93 97
1 50 99
3 23 36
68 12 41
5471777235 21 55
88 11 37
150 31 62
99 75 12
118 54 85
33 67 43
4251 16 77
76 61 13
147 80 29
80 25 7
5708 9 79
8 66 46
4 47 70
52 7 37
71 87 58
67 87 71
595652610 20 6
845451474990312 50 100
121 90 30
21 92 22
795 76 73
124 46 41
37537 31 71
9421367370527 2 82
46220539271 87 49
563 12 40
870694727732047 25 63
150 59 8
79 8 33
39 16 73
233522002446 27 55
512293975702569 29 32
77 8 11
4723 55 15
130 10 17
441529535057 98 84
476177812737610 63 76
4053751 78 67
8813343 91 42
6851814760975 38 49
111 2 7
3697144057655 70 4
36 20 27
38665 56 50
10 26 20
24 90 25
13 80 2
61604 32 13
15 99 70
542930967 81 58
87 2 77
108 28 43
40 68 35
69065 32 14
71 9 14
73 71 3
8350675255 45 12
94052 91 31
721885582 51 35
557 75 2
5 75 41
44 79 95
98 8 84
146 78 24
1 10 84
7436372064403 83 94
38 17 92
26 95 28
301962221 91 64
38 20 38
145 6 10
347961545 13 5
109 38 64
3 60 49
80166047161620 83 59
1264151028 11 4
19212085790002 16 56
60947 28 23
8081 37 18
373678 3 66
768 94 95
16996410003764 66 57
5 87 47
8610847 91 22
72 60 72
2516 44 47
1827554 89 45
703362864761000 91 78
10689 81 89
832264908913737 47 0
91736920507 6 33
126 84 29
443 19 78
61 70 62
5939185884 31 61
2696355796038 4 4
94 59 32
77 10 5
89 7 48
40 64 9
33 69 82
92 39 24
103 60 28
51162 66 88
5 35 96
229878098382135 22 88
515056360976267 53 99
100 61 29
845369 80 63
404005367342469 93 88
4 23 74
13310798177728 11 69
44101415604 83 97
87820029094165 2 5
32 74 20
113 94 31
30 72 6
51 41 82
75059428781689 57 57
123 91 55
75 48 10
138 1 54
90219402 62 63
140 33 44
138 7 92
7 37 81
8517 83 33
5 30 6
100 25 33
89 79 7
77 42 10
16470 85 6
50 37 10
701069 60 46
57 30 25
88 50 97
93 29 74
132 49 81
949978947909 88 18
5068239 50 17
22 52 25
140 92 81
40182266549 72 85
110 31 88
940 24 24
83187426587678 16 98
96141 51 74
4 93 47
8539959273680 36 16
108 10 4
144 87 93
443859677 27 36
102 21 40
98 15 72
492155026551356 6 0
44 6 53
93 91 88
129 99 48
41463348 17 51
17 96 52
149 56 78
7291026005794 83 21
982 87 28
4815017 13 19
120 11 58
25 48 3
63 74 6
77 23 18
139 99 24
191 91 85
16 45 46
9565 36 24
3445702308 50 71
17 27 72
148 78 81
130 21 51
4734303225846 20 53
760684115 16 81
135 57 38
8953246923 41 14
7 30 69
130 73 63
883 11 72
141 39 99
121 98 42
986910970029204 4 100
119 39 6
106 88 50
100 68 22
76 47 89
7 47 6
71 23 5
70022 25 52
9 20 82
44 87 96
912857308 58 23
106 46 67
47998620 76 54
61 90 34
77 51 20
58149150574518 18 20
556734183818678 45 100
51 59 94
4359 45 57
79364742637476 56 71
117 26 14
450941 60 3
952857901143947 17 59
376486 4 35
945043459855 99 85
18 51 87
615865745358771 94 75
408 25 18
68 76 72
136 71 51
6850 71 76
88 76 69
551471 36 41
4 98 38
103 75 35
4539317987732 50 72
3382 14 68
7813 60 31
782 47 52
10 23 21
124 46 13
28 21 9
900758253728379 71 80
30306034265 80 18
103 75 10
25 26 24
43 9 70
2936461 5 56
94589 48 87
210323259599 49 49
36 54 23
735849625040021 36 87
3547 70 42
117 23 22
9261 58 16
133 48 8
54 25 12
131 55 13
59186418105 37 14
125 55 17
345792654701965 94 37
52 1 66
78107 85 87
50342855752 50 71
55 74 17
245 14 59
11 45 32
48 41 64
88 63 76
355460 76 30
918229596457848 70 0
59335 45 82
65 69 87
145 54 24
91 60 10
35319240709771 49 40
692465136779327 72 29
132 74 45
149 27 49
124 90 60
27 65 17
2 50 58
5044762469 82 38
8 17 39
41 47 58
780952950 77 99
18 50 51
216135423471 33 43
51447455177 32 81
9 69 97
226839 87 39
88306222059784 30 16
76 55 70
5 27 20
95 15 82
126 30 18
7819447897 46 14
1 44 62
65 31 19
116 83 83
3922988 50 59
822375318319836 50 0
9714804047677 11 35
86425568 49 9
78 45 53
105 31 6
82651 42 33
5 21 33
7 40 80
43 8 35
108 74 24
56 89 16
84846432 19 13
25 17 95
125 87 47
827227181694 71 46
5228 13 85
77 61 8
9972 34 27
68 40 70
935214228564992 45 9
30 57 20
99510344 47 55
42 60 75
19 64 51
149 72 83
24 54 72
837961213034 33 98
38 68 27
18 34 41
117 27 3
8425169 10 10
35 82 70
81 49 51
6328 48 5
75 98 39
25 85 75
25 42 86
137 8 18
192637352421 48 97
74 75 73
118 20 84
4 1 79
119 48 32
116 42 63
9995644 70 48
37510 70 50
112 4 17
78 16 36
62422850 7 42
142 62 66
101 70 53
17 79 9
119 66 58
45471210987 90 95
125 81 38
97702 26 22
94519 50 11
40 46 10
119 10 59
34 26 27
979599848641 30 52
16614 78 4
46 26 19
8 59 63
66914397163169 78 33
83763 10 20
3 51 80
94 16 40
36 76 15
12 2 44
132 54 37
114 14 82
1000000000000000 46 100
4690336 77 96
61 14 59
63 51 28
125 12 52
78157123339708 22 75
2147275798830 64 72
67 65 46
36 65 72
406 83 83
134 99 36
213989 76 45
95 33 35
973777676101945 97 0
23838369748570 5 67
30521550 40 17
11 49 44
2 99 12
76387310682856 3 21
49323744316 3 29
109 87 20
588 26 5
55161 32 58
861206963 88 83
65060185721744 54 81
39125387 36 98
62 29 38
66 55 70
51 97 6
7525 96 64
836862130 72 88
324419473734684 54 45
86427725953674 6 61
173 3 90
91302459 31 89
5908401366473 77 92
580467958 14 89
668879 41 30
112 67 28
67 71 79
8139841 78 84
125 72 9
510641868561 9 67
550364246 48 42
128 88 34
58 36 56
2 31 2
71 75 65
49 42 56
71258568942456 17 77
110 33 9
2 25 68
317 3 51
86 10 99
4793374596481 73 37
17 74 72
67 59 56
3703507 15 46
7301 64 95
224710608044 39 82
125 76 71
30 66 3
145827496458028 45 87
96 52 53
126 53 39
59235 86 54
4164249648634 11 14
40852756899839 43 99
82 55 90
269190798 62 18
66938233290888 41 37
49 51 49
593 85 68
68 95 43
40 68 97
45908019 53 44
3936379526 50 56
96 79 97
145 36 60
96 41 41
6248972 60 46
7681307415677 81 78
92295 60 84
1619171441860 19 36
54 76 88
319697997762057 44 67
784 11 98
89 99 31
103466271 74 95
20088456129 2 27
135 3 72
150 74 91
4217 5 39
75578245569 66 95
362299745 36 46
530010022482152 36 82
28976016209344 34 6
110 8 63
80 70 42
64330904 99 99
8 61 26
61831 32 34
761573 37 9
91 11 21
641 95 98
764893459876375 60 0
439745 97 48
71 61 28
2613395739 42 49
94 82 55
1 65 100
112 58 39
63149163354 50 98
107 35 73
27126 23 11
17 25 17
147 32 91
70 51 76
54814963142584 32 33
992 99 18
1939454 36 99
918102013 14 77
37099 22 58
281635 32 49
6692941788 20 26
2190186 99 23
766372980 24 27
22 98 21
3693 80 79
327254 23 26
99 70 76
2 83 81
272 29 37
6967191 72 82
38047545525523 56 71
55 40 23
47 56 98
64 62 68
687594817 43 72
585165814726487 55 19
73 71 94
128 7 26
149 6 11
80 25 6
92 1 24
1 50 84
9065 65 82
34 91 79
692162110500860 55 100
73 75 6
559045123478720 73 36
79 27 48
365983019260 27 19
50 82 79
447570979 81 30
20 83 92
879883716073 82 56
8 71 70
617 3 10
1053876424 59 69
22 14 3
128 1 34
88 50 21
899980741480 84 64
71 34 63
986882877257 64 10
743997451344 70 53
9687371 43 13
74 51 23
93 89 70
39 66 17
34 77 46
57359323334410 100 100
150 43 71
101 24 87
48798252 29 53
72 89 21
2244 73 29
72 59 82
90239041 89 1
217117956267092 21 11
146 78 76
205089194909343 6 17
144 61 2
13 5 73
312866512 67 49
39455694327868 68 10
204675006 23 32
94 2 64
2205367 80 58
43680847807884 87 1
132 34 61
15 1 29
8924117024 55 3
667832757168576 7 100
17 50 58
30689567592469 44 6
97506569712215 13 26
128 70 87
7069556 20 13
61 1 92
61273732 66 1
42 87 69
94 32 10
430041203269 66 19
2452 45 12
500687111576417 70 83
786259 83 69
22225853194660 90 85
858 38 40
86314446462331 65 77
78730 28 9
3 48 83
138 66 1
100 90 12
80 58 45
67 25 53
28 40 74
97 86 47
9568758663 67 2
53 41 64
49 99 30
150 78 78
83 66 13
30 42 84
410 90 40
8055 76 75
500 57 41
3 59 98
8285 63 41
149 19 38
178 41 25
415992367305616 86 100
14503786087 38 20
23 14 46
146 44 28
532142268500365 86 8
96 49 32
5 84 3
1 13 62
3344683655797 16 41
20 54 19
218475 24 58
102 11 57
317433953 95 4
397846782107373 32 100
4166221994822 75 23
91 8 3
47572033773 69 69
37536 72 7
94 64 28
8 25 80
93 7 49
111 14 59
38 88 65
1410 17 30
30 89 91
711666789125 47 99
3 59 40
25 6 23
619691 18 57
147 45 30
4733807 56 95
5340176855951 18 45
245911145 93 21
4917690 64 18
954 78 81
4555626059 72 96
710559 53 74
64 85 76
3668223 69 27
134 50 45
762399816487 9 27
5 33 90
34 40 63
424117912 87 93
1908615907 81 80
116 81 50
53403050156915 95 98
24 55 64
115 54 72
121 93 72
56 53 30
18 28 89
77 26 9
149 94 25
62571 73 54
58 39 94
92 40 50
96163826810526 52 73
684552529219014 13 80
342 4 34
267003 50 29
2 20 84
125 50 94
2543276000 11 6
73869803 84 54
22 90 32
76 70 16
82507547185977 16 16
2 6 92
125 2 37
145 25 43
30 33 60
125 1 88
6766788838 54 58
89727905693662 58 32
135 8 31
64 23 81
29934648600 69 6
10 39 74
4 17 8
373194 24 76
9655639 42 44
3105265 15 1
27992941549 91 20
98 94 45
61384191 12 13
75 50 91
362346805704408 33 65
111 41 91
2627661984970 50 10
15614479261730 10 95
33 26 68
2381537 3 45
144 78 7
148 43 45
846 69 19
32 62 1
29078 68 83
457224316 75 20
55 57 57
51 51 13
5288809220 73 76
133 80 21
56 30 15
4773203 88 2
63 49 82
10 44 29
3 35 39
105 11 39
1 25 71
77 84 44
10234247 84 74
72 65 88
111 91 72
85 81 27
109 84 34
82 57 18
191 17 53
40 44 64
41 2 46
89 83 70
61 39 1
784695 56 46
335720896932 42 46
16649232417583 22 66
11 90 59
60 93 58
54 51 31
115 82 95
97 73 8
143 79 40
766596383 13 24
137 80 53
103 96 76
75 98 80
89 69 17
340083 18 41
36 99 18
6734 99 27
19 8 7
43 42 91
13 30 99
301425277 17 17
523063521514976 20 0
45163429488 37 6
1549852180834 57 46
40393657 63 40
5 77 9
28544928514406 77 74
131 37 56
52 99 93
645 79 30
45 66 41
51 52 21
7 28 53
53 64 9
82 93 15
792800849 29 47
52941973884 2 22
98 29 48
102 48 42
896573432335884 87 100
54176817392834 20 55
97862 80 3
140 32 12
391806 78 33
1288657695891 26 10
7 2 20
62 45 44
48 24 70
27 21 44
68 73 62
114 67 73
84150294271 29 3
143 45 14
47 60 72
5 9 76
30 47 44
2926 50 85
118 92 69
16 44 97
127 80 30
116 54 63
977909884179774 98 88
134 36 18
75 58 22
99 27 1
3 59 95
23 52 8
83 2 56
5616018 34 47
137 40 40
10 74 33
9 54 33
260767344423647 57 53
63 28 91
144 57 46
36 35 74
18420709 29 90
91 53 16
434103104944 78 47
82669406253995 65 6
669 29 96
97559 90 75
142 8 88
145 48 45
4493550465 26 57
106 87 50
24579981 13 51
540555018016663 54 0
2 60 25
148 86 58
308684407717601 66 0
56321885411678 39 34
110 8 76
331 21 75
64 7 50
7040695971 15 4
7 15 72
23099239034 93 94
53444106514668 83 69
11 59 14
121 50 24
2255 86 24
59 37 55
66 65 69
100 69 42
83319705505 54 28
1 27 51
149 59 22
23 47 7
28 79 30
69250099862 93 26
132 24 53
24375115 23 49
3196260808356 33 8
19 75 29
8552 11 15
70662 69 46
2 15 90
393101 51 51
6 87 42
347555420745834 63 100
95 16 96
57 63 86
248 80 32
107 93 64
4743738322336 55 34
28 56 16
2312296 67 7
148 64 66
839 57 3
8 10 10
7365061530898 20 66
96 4 32
34665056 70 13
47 83 21
96 45 20
27 62 12
51 77 61
26 17 42
144 34 57
89 84 3
33280558478829 31 38
14536542842676 5 61
48 24 97
9223154424763 24 11
6 84 74
141 27 54
33 38 2
146 89 64
6697377 48 50
823026 97 99
6958 65 66
32 94 23
19 57 80
38 56 20
86 83 91
18 72 21
6129501227 35 94
66 46 98
113 98 34
53101538 63 98
11541 29 69
142 20 97
36 29 65
7 17 32
376977707603 23 29
5 67 75
607681412 18 4
69008705 2 30
91 21 96
180 21 24
2132102 60 71
806894826 32 66
2324254638522 98 5
13 34 49
66 15 84
2 50 74
93 75 79
538640 74 88
85 59 34
82 80 77
89 78 10
3516149462 63 84
1584508692 54 50
108 54 50
120392819 92 52
9836 60 47
118 56 45
90 15 75
449055 58 11
6 94 64
126 95 66
5786345 43 42
10 24 17
1386 1 64
113 99 95
46 45 55
615258215 40 46
46723254 35 89
18 93 10
812808703 53 87
74 6 72
339299572377584 77 4
7266989734462 21 35
77 49 95
226 54 78
2149774 2 89
146 13 33
89 8 68
63968847 8 7
5 37 29
4536 20 9
80 10 8
190 69 21
169564255459247 30 25
200784124194802 97 10
46 90 49
79 86 53
75394 95 70
99 19 41
88521058330 90 62
3498 42 25
6745354257 99 8
3 75 83
16 49 52
74472262549589 68 4
150 4 94
1 50 33
316 53 51
85092419 32 58
6170754 54 85
808436281 14 96
79 58 10
19522 35 11
9501909314867 76 92
74974511727154 94 37
48 57 46
61 99 61
7947434 61 17
26 84 38
89 33 99
18 83 7
89 66 57
97118310 27 46
32 22 69
123 20 54
13 37 77
65 57 60
405572641 93 43
5480940057953 83 3
68 28 65
58 39 40
546567160943 24 36
1000000000000000 4 84
1 45 0
6316 2 40
68015572926098 25 61
3 7 38
6370043503 99 63
52725769 81 21
2331214 56 78
778 97 86
91 55 32
47 99 32
15 79 64
7015797 82 38
7353986722 3 60
398821730585 93 58
8046119896040 51 20
21255940325833 84 5
934140755990285 45 53
103 70 69
15007 23 76
60 98 57
222 20 90
40101 2 35
136 4 75
76597368368 82 32
7962588835 66 23
706174276076986 74 0
30 78 45
3368 19 56
264686498104690 99 37
57 45 40
620083655455 69 43
20 1 24
13 1 12
60153472369 31 86
48 34 51
15 77 65
2399397489 78 99
974 84 34
30 84 51
192 6 67
685636 2 59
521369519031598 36 24
673015570 26 33
160577 55 52
8802 39 95
289512037842799 68 85
2003444702621 45 85
121 17 50
135 89 82
59 58 30
118 70 85
60 32 94
22 69 52
102 20 44
41 23 59
150 65 97
88 91 71
7478773 71 88
48 18 60
28 35 83
135 43 2
82862 43 28
20880195 29 26
56 25 61
183330693855091 72 26
725 18 67
418412008772 96 20
576719562 10 77
16 34 66
35467745 66 59
150 74 7
137 85 73
73 67 82
6822 87 32
93 55 52
62 86 91
90 67 75
130 44 58
942 13 6
9965 40 76
628184 28 16
9 25 4
448 8 95
114 8 31
30 49 68
162806 20 6
33 61 71
76 25 30
28551 59 76
674 38 1
100 41 50
147 70 10
71 14 86
726487450620065 32 0
105 50 4
99 53 85
106 23 39
519045 99 25
918209316 32 77
5 77 81
27753467371 71 7
64 12 27
44 43 62
19 24 6
84463835898 27 17
78044 95 62
18577395076 87 15
120 67 2
1408444 5 77
16 7 79
136 60 21
10 15 12
24 64 28
22 82 37
37 73 50
3965239660391 87 38
115 47 57
40 79 41
80 34 69
5 56 92
93124638 48 91
9705 6 6
50 9 65
100 27 9
149 95 67
6517221603385 35 30
91 4 87
14763552917549 55 89
91789137082 28 90
5230303842329 23 35
8191394914 26 81
18 17 57
56 46 26
436306906152 82 23
567808797 14 69
87 6 48
7 44 89
19599695802294 76 99
460 70 39
608411771527111 68 100
60 84 47
97 11 70
48 13 14
24806295 62 67
600750218035449 67 0
360863 51 69
29 58 48
59 85 5
42 77 89
2 50 30
998760591495 92 68
45 3 63
12349705 33 72
39 43 3
60 82 79
135 55 96
1426698268003 100 0
912 34 56
746 67 38
41 60 54
7 70 29
3 24 87
20 14 3
9195067 45 81
72 81 73
452163 88 24
49 26 31
123 75 99
1181 10 8
4 41 4
4830801 81 21
8 18 14
2 91 71
50871 92 10
8 69 49
95 18 77
6 67 36
140 58 19
53 34 16
563706688 18 41
9932347499 51 16
4 82 63
694636448 20 65
115 17 74
150 84 17
2287 67 7
427056226 38 75
50 31 47
105 28 85
379255241953687 23 23
934150754560 6 26
69 40 44
7538847588328 33 83
91 41 52
21 74 92
128 80 20
9740270 13 58
127 95 40
114 41 77
672738204 77 64
50 99 15
93 21 35
54759005148 9 73
41 67 7
210674123 74 49
70 22 69
56 22 68
37394 63 29
2037 68 34
11 59 45
197474830550738 32 6
2 33 70
640665 83 50
4890637 39 64
372398647886 45 9
50 72 57
383257418744877 1 0
79 2 90
60 99 88
1 7 52
26 99 64
68 21 55
249511028 68 46
6536459371 22 62
381755960741483 38 100
7373526 36 86
1 13 65
122 49 13
31103 50 93
121 28 10
73 27 11
14237480006239 79 57
1184 91 99
148 99 55
74017827639 14 20
102 82 15
149 42 39
8286 85 35
96337918323 41 13
63 47 71
73 71 2
689919534 46 76
31 49 53
2 45 78
19 97 43
340646668581868 58 73
6304452 72 89
108 15 92
15 82 61
48 30 62
5 89 20
520428364374835 21 67
21 95 76
127 86 66
597544670 97 22
45 4 39
41433 25 60
4266514062 22 41
128 68 73
650853748158336 96 39
123 59 48
37 60 87
59 98 9
5 36 36
3829452928 42 33
2422643934 20 55
33 25 7
73 15 5
46 82 59
87 37 66
6 86 82
28 19 66
19 21 88
9431343 61 17
30 69 11
746398291935 62 47
4514341 8 17
10 6 16
87 73 25
144 2 65
69 89 48
26928973165 32 4
113 73 87
5341384427840 1 57
1254 98 48
744924126 40 53
41 10 75
7647137 27 76
4 20 40
690255904144264 27 44
49353616417 27 46
16300 90 37
82 42 4
41950 84 92
31 6 39
537067622 55 10
94 11 47
2 9 9
24 74 72
81 22 54
4793 65 20
363 30 36
114 48 60
3634 50 36
59 79 90
92 90 93
39 35 26
5862 73 42
84255376245633 95 100
16 18 77
127 50 63
2120301 20 66
75179778 29 95
25 56 89
116295 31 67
92635744 92 59
67 77 14
292175216 67 14
584379864993 36 31
840 97 18
21 96 76
15 89 13
107 21 35
45782793525888 30 18
27 63 46
11777 97 96
26 45 4
65 84 70
17893940 73 83
55 98 35
2 57 47
24 25 68
48049961589950 87 45
80 77 73
99 74 77
13 94 32
6979971512 87 33
141 4 92
122 13 98
109 11 89
5664 74 48
3 87 76
26041446451 83 28
144 80 75
88 33 2
108 15 41
23513149 66 2
664 73 12
2189592 22 72
295763 75 77
539812055593143 30 2
1 41 9
4 75 26
116 4 65
20 16 78
770246783331418 3 100
67658691324787 60 37
35 51 50
66 12 21
71 30 9
117 82 38
113 14 9
33 63 63
658 78 22
66 35 10
106 12 44
166302330724 7 21
9806190485342 87 27
28 52 4
45 26 94
71 21 26
19354770 62 70
102 9 13
24138232876 85 72
77715187750414 97 29
35 16 64
142 5 95
9262350 12 31
82 6 13
559953599052 3 95
130 60 46
4 9 14
22507226676662 25 48
40 33 91
23 72 65
34 84 74
762772332 33 97
11 90 45
565 92 53
11 14 63
92 7 14
3454661279 45 5
6 56 22
14 88 37
274576116032 97 98
32 62 62
57 65 26
44661 95 21
63 58 31
511138326 84 42
6324172146 63 65
140 38 18
5931279378 1 29
120 4 68
57 64 57
7700124972 55 42
318 66 90
79 97 79
126 53 72
433901138 23 91
645109 19 80
59 25 8
15 81 46
52 52 2
5 30 62
67 47 54
9273309645902 15 84
73 56 39
944464 45 41
49 67 11
43 67 51
5 20 11
23 72 23
73 47 91
2 3 33
17 72 70
989702 56 28
123 34 35
947697 85 34
53 29 88
356859062994 19 37
88297865 76 75
9 93 18
69945520851 69 1
2928176804 84 78
4298326400398 92 79
524 33 16
113 92 2
20 3 14
141013257 65 75
403692913135 57 2
596 54 94
32 85 19
105 28 67
149 15 91
75 42 5
53 1 87
42 29 3
6026112874 58 37
137 78 68
13 61 31
115 63 51
58 21 39
71110935136539 8 64
7 68 20
114 32 87
471149694964777 28 100
521752 52 84
9709403020 46 91
671 89 83
141 28 24
124 37 39
425979278045525 65 80
33 89 9
276265659 54 2
69857262564 8 12
1662 75 58
10 62 75
73 8 32
128 24 48
6 96 56
3 64 33
266339770 60 41
89 96 15
48 45 46
41 28 67
649680038889 74 94
10 37 61
4 47 65
77 32 61
5 15 31
147 15 71
87 68 74
52 6 38
88 67 5
802170295098973 28 0
66264037918548 98 80
2996 52 56
10058443 4 88
9 73 12
27 65 45
46 32 64
109 16 67
95 7 30
60822325578 20 5
356448933775912 26 100
35 97 24
8772600 16 37
793218803370 71 10
105813242619087 63 23
59 40 16
43 35 80
746 93 96
514 98 7
9383333567 32 64
964590947 51 77
135 29 23
59 70 79
694333710943 66 16
1 9 19
3740881038 54 73
74 54 39
34571248 43 51
15931 24 34
65 3 24
184 77 85
93 99 45
3846 15 61
28 90 94
35 19 92
7042698407 68 68
121 66 29
610787 28 86
5277599446964 56 15
57918 67 34
770 76 50
5 8 51
6412349281872 53 14
8444720973 14 59
28 22 75
2343804 18 20
144 44 79
114 29 31
74374 5 20
8441 1 32
321874715913212 90 82
129 15 83
517 93 80
7 38 95
90 38 33
814427 44 11
146 73 37
80122170 24 46
17 40 45
521388077589117 20 100
222304493279103 77 24
77936968 51 45
49839035008857 78 4
429528468344949 23 0
99876573650 43 39
24 10 30
81 77 41
136 13 10
2782770778187 5 83
8104012931 90 62
4105298 77 89
278563 80 28
286336525065412 41 14
99871103933 75 3
101 92 6
8105260 69 71
72 44 35
60 41 13
98 81 35
48 69 30
100 2 69
821834738685304 70 0
148 82 16
61007358 68 9
262545742327 0 0
260600680124935 39 0
57 79 27
169215508 5 90
87 19 23
6 75 3
94 39 74
2229 22 77
40 25 71
31 8 61
44 60 87
16 27 21
92 1 31
437945 91 96
127 57 60
121 99 9
124 88 86
39990403118441 14 6
9496009637 16 31
90 18 4
401173591617 80 14
141 15 28
18302879 13 66
8744320773878 82 45
244119 27 25
1579217369 1 28
116 73 22
4241684 89 76
86 80 14
126 15 76
71 48 94
98932450 87 98
52976280 30 93
864720 53 85
877 21 99
40 45 89
94 38 10
48 36 49
64 68 12
98 38 6
38 80 23
19 95 29
141 88 36
44 42 33
83 12 39
49 9 67
22 31 50
4895548139 59 84
114 10 93
113 75 77
80 4 11
12 65 83
4471 32 81
107 63 6
73 18 42
6 74 16
70 4 11
134 63 21
45133950084 80 78
3532463982679 11 47
264759708358546 45 100
7 20 14
82 19 44
6 43 75
122 72 76
42 58 13
122 98 72
5414062 66 52
107 15 1
117 15 89
131 92 36
127 90 31
433575446380479 58 0
106 90 64
96 18 86
8 3 15
41 14 43
30 33 5
461 92 53
688461121416 88 2
8696 71 50
79 54 76
108 77 67
16 11 25
2319960795 86 94
7072 78 27
11 10 49
4841 71 64
125 96 87
113 78 51
76 14 65
147905784520552 15 67
22980 46 4
1616941760626 62 49
94 42 62
75360894 28 73
687770195931009 25 7
35 71 56
96 57 74
424912383481190 85 0
63800 37 98
125469 26 30
794077516855 51 38
36 66 22
68 10 28
62 26 62
99 40 29
9337975576 84 54
57 53 48
9 30 57
45544371 59 29
79 74 39
1 17 40
219017051832208 13 28
891068 61 97
48 22 15
17 38 47
3 49 80
82 89 48
88 80 44
26 32 10
58404576 2 2
4411870590998 70 6
85 77 80
611184961 6 27
9 87 73
91 31 12
545 59 55
68 60 62
263766140 29 46
54461 57 68
43 94 99
93 18 45
6391693545851 45 61
6 0 100
26486 56 56
101 7 14
1 45 92
404195831 24 52
94888787643130 43 78
19 40 74
117 23 83
716 11 87
51 3 74
147 98 75
127 29 62
102 60 41
509413 98 23
39 53 78
49 15 38
13427423 58 40
4350 88 12
114 9 45
294577587 50 22
9631466659980 71 52
840887324 1 14
143 7 5
34 91 43
5906641 4 53
8194516 66 95
65 47 43
631991541603678 66 42
136 35 91
65 47 64
89313507678 78 41
140 34 74
1014762700249 2 22
81 9 20
27 45 12
813004624102 68 95
2 78 10
133 9 12
6770223 21 50
64 1 73
42 87 19
132 16 58
112 28 93
9 94 99
169072771300 45 8
208535320508012 55 27
44 15 92
11 90 56
6 25 76
6 4 53
58 53 27
56 12 63
140 73 53
1 61 96
25 85 74
32 1 98
90 6 7
18 22 73
90 61 85
90089728557 29 66
89 10 26
964909232781 78 1
16 61 35
105 7 93
52 31 35
69 15 62
48 75 96
135 60 2
63 76 70
477525765011486 28 9
6822 52 20
13 18 78
136 98 65
36671743309841 37 93
50 95 33
1785 34 15
717 76 95
91 51 81
9 81 57
42858223022875 49 60
5 49 2
68214145 38 65
11 2 42
85 34 44
45 3 78
75 91 55
28 7 51
126 7 80
13055210285322 23 96
105 85 29
703251536060 50 98
638564412518 25 3
99 25 32
3246142107 18 29
86 37 22
1527934180498 30 97
40 15 9
102 35 30
92 67 49
59 10 92
419296885303 78 16
504819616347 25 53
67926155753975 24 100
39 63 79
9 49 73
69 42 44
138 26 13
76458586777 48 13
133 99 11
113 34 20
17 45 90
19751934 65 56
91119207931 98 5
9940859 1 41
72 21 49
59 48 27
92 98 20
197065889591335 64 0
43 92 24
296338 68 49
16 10 40
85 21 57
5 60 78
95 8 4
6132841122714 44 78
38 66 26
120 12 67
7 48 70
7 61 50
2914293 36 88
53 96 15
5647209 9 39
75 94 90
140 52 54
10 55 9
932844461628 21 87
71 78 57
27 22 1
113 77 38
103 14 50
140465729579 72 85
15 5 20
141 17 81
18 43 6
66118561 23 2
461717105397560 15 0
35274 7 60
90473939222103 56 96
91 42 33
102 39 56
877962443 55 64
51 67 84
46 38 56
420559 74 25
599879657141490 91 78
80 73 77
2663522790 98 97
813053810 26 93
1 21 71
111 71 46
438450 75 69
9158398749 45 29
6547289 23 45
1497 46 47
52130 21 59
35 26 83
74 76 18
101 84 6
144 13 58
145 32 67
87 74 71
34 70 40
9 37 81
73 93 98
21 15 68
128 18 54
4941796484 73 64
129 18 93
36778688108 19 95
95 46 2
4 97 5
15 95 8
104 67 95
5309200 49 88
28 8 85
7 27 82
12 67 50
298937645942100 99 88
30840677 46 44
75 26 26
62 46 57
5064 51 30
97 92 26
173716232845593 32 62
26 64 16
94 21 10
6 58 77
11391076318 94 94
4363 51 14
43 71 20
9152089142 32 13
131 92 45
994 25 54
2669 18 43
28 1 58
621797 29 73
60 32 84
21883455451 71 64
6528698422 92 68
104 43 66
93 7 4
69 75 5
27 82 63
276801951883404 40 100
505034765 42 53
965845595760562 86 28
7 7 79
71 75 61
14461895325945 1 88
921355974956406 29 100
94856294740687 84 30
96 95 28
9077 30 76
1217328674404 68 8
4259205033 42 26
2888503 1 36
3985147 84 3
4 75 48
40 22 76
120 82 12
88 13 79
104 68 66
47 32 51
80 88 73
44 55 47
5375 62 24
260132105349 59 18
18 55 35
121 92 1
7 56 51
81245262 30 73
129 7 61
5361379634 83 40
140 12 17
59 64 82
66303141263 79 28
35533779830006 90 9
437657353527219 45 100
472242321397432 73 89
113 67 57
3236193 10 7
