100
1 50 40
10 47 93
5 5 6
10 35 61
1 2 100
10 95 6
9 100 0
6 38 18
7 70 53
4 53 21
7 12 29
9 70 94
2 80 42
1 50 5
9 100 100
6 40 85
8 18 24
10 22 77
1 6 79
8 11 72
9 77 7
10 36 4
9 70 55
8 69 86
10 28 18
7 36 76
1 0 100
10 23 92
2 50 88
6 38 83
10 87 10
6 55 3
2 50 89
5 69 1
10 6 67
4 75 23
6 85 20
1 71 20
6 24 56
2 34 39
10 77 0
3 68 15
6 60 96
9 88 70
3 25 17
2 61 22
2 25 30
2 53 32
10 82 62
7 17 45
4 88 43
3 75 65
10 62 78
4 20 57
1 0 0
7 40 35
10 34 55
8 50 0
7 80 24
5 75 40
10 64 45
8 9 82
1 9 94
10 79 29
1 33 73
1 41 33
10 35 89
7 29 48
9 87 91
1 62 95
5 55 93
6 23 53
4 90 71
1 38 0
3 50 100
3 8 53
5 28 30
10 10 94
9 2 30
6 32 88
4 88 82
4 61 8
7 50 60
10 70 84
6 44 64
2 40 57
4 69 40
6 25 42
8 43 77
1 54 45
10 10 87
3 21 32
1 50 84
2 50 85
10 56 59
2 72 67
8 72 35
9 7 59
2 98 54
2 20 11
