100
2 25 60
4 98 49
10 36 61
9 26 84
9 19 79
7 13 37
1 60 93
5 75 95
1 50 64
9 14 96
4 20 47
3 25 12
9 27 42
2 68 39
10 16 56
1 62 19
10 95 47
10 10 78
8 90 35
7 62 57
10 99 58
1 50 81
3 80 83
9 0 0
3 13 44
10 42 64
8 29 50
6 45 80
6 50 69
6 25 35
6 60 94
3 84 18
5 36 66
10 35 81
5 0 100
5 80 37
3 14 39
2 53 91
9 75 86
3 24 99
6 31 42
1 46 0
6 19 10
4 58 4
4 60 28
5 100 0
10 44 46
3 44 62
9 44 79
3 25 31
8 34 91
4 44 69
1 50 77
10 85 100
2 13 18
10 91 17
10 70 59
6 28 59
4 79 48
9 50 100
10 94 86
7 33 95
2 50 0
7 72 89
4 4 81
5 75 98
9 28 11
3 16 62
10 69 63
2 50 28
4 62 91
8 84 92
8 100 100
7 49 4
2 50 19
7 30 72
10 94 67
6 42 71
10 34 98
4 1 74
6 11 34
9 33 4
7 72 28
7 40 16
2 50 1
10 85 17
10 12 7
1 64 100
9 84 86
1 52 8
2 52 77
7 63 14
5 16 45
10 70 10
8 62 37
8 39 11
3 93 57
8 84 63
9 40 54
5 10 92
