0
0
0
0
0
1 19 108
1 19 105
1 20 104
1 22 97
1 25 96
1 27 90
1 29 101
1 30 107
1 30 104
1 29 105
1 30 101
1 34 91
1 39 87
1 43 86
1 44 110
1 47 108
1 48 96
1 51 81
1 56 72
1 62 75
1 64 98
1 64 108
1 65 105
1 64 104
1 67 87
1 72 72
1 79 73
1 84 75
1 89 96
1 88 104
1 87 103
1 88 90
1 94 68
1 101 63
1 106 79
1 108 107
1 107 108
1 103 101
1 102 105
1 104 92
1 110 72
1 115 73
1 121 80
1 124 90
1 122 97
1 123 95
1 125 75
1 133 65
1 140 67
1 145 75
1 148 89
1 149 102
1 143 99
1 141 91
1 140 89
1 149 71
1 156 65
1 163 74
1 167 85
1 169 97
1 167 99
1 167 84
1 175 61
1 181 81
1 185 91
1 188 96
1 187 100
1 181 99
1 175 99
1 181 94
1 188 87
1 196 94
1 200 101
1 204 104
1 195 99
1 190 100
1 192 98
1 196 97
1 202 99
1 200 94
1 202 88
1 202 80
1 196 74
1 188 70
1 185 72
1 187 74
1 194 75
1 198 71
1 197 66
1 194 61
1 190 57
1 186 57
1 187 60
1 196 59
1 199 54
1 200 47
1 196 41
1 189 37
1 182 35
1 182 38
1 187 41
1 194 39
1 193 33
1 194 27
1 188 25
1 183 24
1 177 23
1 179 27
1 182 26
1 187 18
1 182 19
1 178 24
1 172 34
1 165 30
1 159 16
1 156 16
1 161 20
1 162 16
1 160 23
1 155 30
1 148 35
1 142 33
1 136 17
1 137 19
1 140 22
1 142 17
1 139 22
1 132 27
1 127 37
1 122 33
1 117 21
1 116 17
1 117 22
1 120 19
1 118 21
1 113 26
1 109 35
1 103 34
1 100 25
1 97 17
1 98 20
1 102 19
1 100 20
1 97 29
1 90 36
1 83 33
1 78 21
1 76 19
1 76 21
1 78 19
1 78 19
1 74 31
1 67 36
1 58 33
1 52 22
1 52 18
1 52 21
1 56 20
1 56 17
1 52 30
1 44 32
1 36 30
1 30 26
1 31 19
1 31 21
1 32 21
1 32 23
1 27 28
1 19 29
1 18 22
1 20 27
1 17 33
1 18 36
1 22 33
1 15 30
1 12 32
1 14 37
1 13 43
1 14 48
1 16 49
1 16 47
1 11 50
1 15 51
1 20 58
1 17 67
1 14 71
1 15 72
1 17 71
1 13 69
1 13 72
1 12 78
1 16 87
1 13 89
1 15 89
1 19 88
1 15 86
1 12 86
1 13 91
1 12 97
1 14 99
1 16 102
1 18 99
1 18 99
1 15 96
1 15 100
1 14 105
1 15 99
1 16 94
1 18 106
1 18 109
1 19 107
0
0
0
0
0
0
0
0
0
0
0
0
0
0
0
0
0
0
0
0
0
0
0
0
0
0
0
0
0
0
0
0
0
0
0
0
0
0
0
0
0
0
0
0
0
0
0
0
0
0
0
0
0
0
0
0
0
0
0
0
0
0
0
0
0
0
0
0
0
0
0
0
0
0
0
0
0
0
0
0
0
0
0
0
0
0
0
0
0
0
0
0
0
0
0
0
0
0
0
0
0
0
0
0
0
0
0
0
0
0
0
0
0
0
0
0
0
0
0
0
0
0
0
0
0
0
0
0
0
0
0
0
0
0
0
0
0
0
0
0
0
0
0
0
0
0
0
0
0
0
0
0
0
0
0
0
0
0
0
0
0
0
0
0
0
0
0
0
0
0
0
0
0
0
0
0
0
0
0
0
0
0
0
0
0
0
0
0
0
0
0
0
0
0
0
0
0
0
0
0
0
0
0
0
0
0
0
0
0
0
0
0
0
0
0
0
0
0
0
0
0
0
0
0
0
0
0
0
