0
0
0
0
0
0
0
0
0
0
0
0
0
0
0
0
0
0
0
0
0
0
0
0
0
0
0
0
0
0
0
0
0
0
0
0
0
0
0
0
0
0
0
0
0
0
0
0
0
0
0
0
0
0
0
0
0
0
0
0
0
0
0
0
0
0
0
0
0
0
0
0
0
0
0
0
0
0
0
0
0
0
0
0
0
0
0
0
0
0
0
0
0
1 26 188
1 519 113
1 424 133
1 358 173
1 230 151
1 406 117
1 316 140
1 382 125
1 120 205
1 66 206
1 319 162
1 202 179
1 293 167
1 202 194
1 252 153
1 139 160
1 96 142
1 98 185
1 118 194
1 262 159
1 102 203
1 356 141
1 236 186
1 122 185
1 136 174
1 147 148
1 156 148
1 168 154
1 175 183
1 190 161
1 172 214
1 307 161
1 311 210
1 259 189
1 315 167
1 209 162
1 210 152
1 226 187
1 254 151
1 253 185
1 249 195
1 253 191
1 403 238
1 275 179
1 250 222
1 266 165
1 275 161
1 278 166
1 288 176
1 302 160
2 402 209 5036 339
1 261 240
2 731 222 5017 321
1 566 185
1 231 224
1 286 177
1 274 201
1 306 185
1 255 176
1 330 172
2 444 224 5079 339
2 520 230 5030 329
1 609 225
1 714 244
1 844 226
2 569 229 5017 321
1 467 225
1 323 167
1 288 219
2 369 208 5095 343
2 426 232 5076 337
2 620 233 5017 321
1 744 228
1 892 227
1 730 229
1 700 235
1 699 226
1 693 229
1 784 227
1 802 171
1 842 198
1 963 178
1 810 156
1 876 154
1 594 167
1 652 156
1 691 155
1 703 156
1 745 156
1 941 144
1 866 146
1 889 117
1 765 142
1 502 83
1 509 108
1 574 127
1 537 140
1 636 132
1 575 129
1 909 120
1 834 109
1 646 107
1 589 101
1 535 90
1 522 95
1 503 99
1 601 88
1 520 91
1 523 89
1 466 88
1 448 91
1 442 69
1 325 77
1 409 77
1 387 87
1 310 75
1 342 99
1 439 104
1 389 86
1 381 107
1 380 84
1 336 97
1 309 95
1 296 74
1 325 92
1 270 116
1 230 88
1 309 110
1 292 123
1 294 116
1 367 101
1 246 99
1 239 74
1 192 116
1 246 150
1 220 128
1 193 126
1 184 98
1 277 137
1 283 131
1 167 110
1 269 115
1 263 82
1 183 108
1 169 136
1 179 143
1 188 120
1 235 128
1 246 119
1 280 154
1 209 113
1 87 111
1 152 116
1 187 157
1 129 120
1 142 154
1 123 153
1 145 120
1 129 131
1 209 132
1 252 134
1 102 95
1 84 140
1 107 118
1 95 117
1 74 141
1 111 142
1 148 157
1 160 133
1 118 129
1 59 135
1 149 128
1 151 109
1 125 160
1 49 115
1 173 134
1 116 145
1 153 135
1 198 126
1 93 144
1 152 126
1 234 138
1 205 78
1 208 117
1 241 135
1 291 127
1 377 108
1 483 114
1 764 103
1 518 128
1 534 138
1 209 178
1 282 135
1 304 166
1 365 136
1 433 141
1 564 136
1 943 130
1 943 140
1 800 146
1 468 152
1 434 200
1 460 154
1 362 164
1 595 170
1 308 146
1 652 138
1 704 133
1 771 143
1 562 165
1 655 159
1 499 170
1 256 162
1 760 135
1 718 132
1 890 143
1 498 168
1 359 123
1 537 112
1 467 119
1 556 129
1 463 138
1 326 144
1 0 161
0
0
0
0
0
0
0
0
0
0
0
0
0
0
0
0
0
0
0
0
0
0
0
0
0
0
0
0
0
0
0
0
0
0
0
0
0
0
0
0
0
0
0
0
0
0
0
0
0
0
0
0
0
0
0
0
0
0
0
0
0
0
0
0
0
0
0
0
0
0
0
0
0
0
0
0
0
0
0
0
0
0
0
0
0
0
0
0
0
0
0
0
0
0
0
0
0
0
0
0
0
0
0
0
0
0
0
0
0
0
0
0
0
0
0
0
0
0
0
0
0
0
0
0
0
0
0
0
0
0
0
0
0
0
0
0
0
0
0
0
0
0
0
0
0
0
0
0
0
0
0
0
0
0
0
0
0
0
0
0
0
0
0
0
0
0
0
0
0
0
0
0
0
0
0
0
0
0
0
0
0
0
0
0
0
0
0
0
0
0
0
0
0
0
0
0
0
0
0
0
0
