1000
21 197
30 892
19 295
178 719
71 756
181 730
150 606
178 718
97 394
59 917
219 439
152 305
35 71
102 205
135 271
1 1000
155 311
155 600
168 678
168 677
168 679
168 968
183 367
183 548
18 708
18 707
18 709
18 733
104 639
104 638
104 640
104 688
169 682
169 681
169 683
169 864
3 250
3 249
3 251
3 296
63 822
63 821
63 823
63 854
199 399
199 786
39 970
39 969
39 971
39 988
5 126
5 125
5 127
5 150
50 428
50 427
50 429
50 489
82 334
82 333
82 335
82 497
38 158
38 157
38 159
38 166
36 498
36 497
36 499
36 546
1 528
1 527
1 529
1 533
291 583
291 662
251 503
251 717
393 787
393 979
142 574
142 573
142 575
142 853
84 169
84 335
167 674
167 673
167 675
167 773
106 213
106 273
132 807
132 806
132 808
132 886
178 357
178 414
405 811
405 835
144 289
144 534
356 713
356 904
82 165
82 276
99 199
99 225
11 155
11 154
11 156
11 172
204 409
204 701
281 563
281 592
380 761
380 971
337 675
337 964
67 715
67 714
67 716
67 735
153 618
153 617
153 619
153 808
195 786
195 785
195 787
195 849
416 833
416 971
167 335
167 387
277 555
277 656
110 675
110 674
110 676
110 816
24 759
24 758
24 760
24 812
285 571
285 751
181 730
181 729
181 731
181 862
344 689
344 841
337 675
337 710
53 107
53 184
171 343
171 408
98 398
98 397
98 399
98 431
235 471
235 785
145 586
145 585
145 587
145 855
80 161
80 325
6 363
6 362
6 364
6 370
137 275
137 449
139 562
139 561
139 563
139 647
232 465
232 596
140 566
140 565
140 567
140 751
49 202
49 201
49 203
49 308
297 595
297 794
38 332
38 331
38 333
38 365
361 723
361 979
451 903
451 984
169 339
169 359
321 643
321 684
193 387
193 703
68 423
68 422
68 424
68 469
221 890
221 889
221 891
221 959
405 811
405 892
177 355
177 413
276 553
276 633
57 234
57 233
57 235
57 284
398 797
398 864
191 383
191 603
39 637
39 636
39 638
39 740
271 543
271 674
228 457
228 703
196 393
196 398
63 675
63 674
63 676
63 743
87 175
87 345
296 593
296 717
195 391
195 405
118 723
118 722
118 724
118 751
119 729
119 728
119 730
119 871
361 723
361 970
230 461
230 845
37 237
37 236
37 238
37 293
86 350
86 349
86 351
86 412
67 417
67 416
67 418
67 561
26 378
26 377
26 379
26 392
68 882
79 322
79 321
79 323
79 413
183 738
183 737
183 739
183 862
58 238
58 237
58 239
58 271
352 705
352 719
415 831
415 995
81 501
81 500
81 502
81 580
51 436
51 435
51 437
51 537
372 745
372 848
320 641
320 850
422 845
422 854
72 764
72 766
72 817
68 422
68 424
68 521
72 764
72 766
72 921
110 444
23 274
23 276
23 283
72 166
319 905
126 509
126 511
126 737
14 611
14 613
14 627
40 650
40 652
40 666
422 852
97 390
246 641
119 413
199 728
52 689
52 691
52 736
481 971
315 696
137 836
137 838
137 949
119 409
86 904
86 906
86 950
198 797
198 799
198 865
9 629
9 631
9 644
81 500
81 502
81 543
61 654
61 656
61 784
106 301
223 879
269 733
134 320
156 629
156 631
156 766
306 920
40 759
40 761
40 774
75 464
75 466
75 486
409 976
108 662
108 664
108 791
114 698
114 700
114 855
16 375
16 377
16 430
219 595
234 495
45 387
45 389
45 431
300 674
37 236
37 238
37 308
240 700
281 819
25 875
25 877
25 938
198 783
72 603
72 605
72 616
107 433
107 435
107 562
101 409
101 411
101 422
57 356
57 358
57 442
327 913
29 88
234 603
64 261
64 263
64 321
20 42
23 736
23 738
23 774
43 177
43 179
43 240
176 709
176 711
176 774
277 758
390 978
176 709
176 711
176 942
261 667
220 693
52 818
52 820
52 855
103 417
103 419
103 496
77 643
77 645
77 729
321 955
27 923
27 925
27 991
2 494
2 496
2 522
116 469
116 471
116 583
148 597
148 599
148 804
27 638
27 640
27 720
138 332
155 387
28 846
28 848
28 902
88 924
88 926
88 947
171 689
171 691
171 997
8 601
8 603
8 647
84 341
84 343
84 444
14 469
14 471
14 506
85 524
85 526
85 552
321 942
15 359
15 361
15 362
131 800
131 802
131 862
164 661
164 663
164 859
158 637
158 639
158 734
268 960
229 543
73 774
73 776
73 940
17 604
17 606
17 667
284 731
27 389
27 391
27 400
3 145
54 397
90 240
334 860
198 670
132 550
193 601
39 304
21 534
98 501
154 551
132 307
117 361
284 867
458 978
109 536
41 214
56 368
113 970
183 814
16 538
391 958
181 384
40 242
87 828
204 912
188 973
1 895
109 799
105 244
41 834
184 788
42 964
36 493
217 814
376 856
135 490
28 853
201 550
7 618
114 839
160 882
82 478
13 684
130 662
48 719
15 95
71 410
96 503
139 376
304 947
78 442
101 595
401 948
476 966
130 370
30 287
41 162
159 958
138 811
139 665
32 882
96 752
387 857
265 991
1 630
203 691
372 780
8 465
28 244
137 781
112 985
447 905
51 914
149 622
133 867
148 620
53 773
466 994
82 973
68 591
9 71
304 845
222 673
465 935
210 483
82 562
14 757
9 246
342 912
71 820
84 565
195 822
28 809
226 901
51 750
32 417
20 643
137 539
84 341
22 179
97 404
47 225
166 820
110 272
205 918
399 944
436 923
193 603
323 785
182 552
50 273
169 491
113 278
100 216
114 672
241 827
142 847
86 924
38 478
120 967
157 664
350 789
41 241
337 743
129 551
56 884
375 789
288 651
122 508
54 377
163 525
13 615
94 351
144 480
72 929
450 961
113 293
64 469
141 656
219 658
20 852
237 878
183 691
83 896
9 96
318 738
367 900
21 868
193 439
4 988
130 979
230 685
392 794
258 627
71 966
329 906
113 556
17 173
426 944
359 788
208 445
12 140
212 587
318 961
274 680
231 655
159 409
141 657
392 805
49 691
10 708
389 780
160 399
145 313
219 955
179 775
359 999
110 328
62 841
114 390
448 979
257 591
36 146
452 976
162 880
236 807
75 157
175 779
40 869
368 834
138 686
301 907
301 797
129 870
186 941
305 726
78 764
243 843
183 902
336 836
18 645
111 849
81 408
21 541
351 725
248 790
28 720
128 953
5 214
368 798
44 765
246 772
7 337
474 979
8 631
95 321
114 236
83 770
186 478
454 982
44 527
156 484
172 690
3 183
102 630
346 731
145 299
359 911
264 663
40 329
157 458
76 558
136 524
241 594
184 440
394 961
169 551
54 701
234 829
325 788
301 779
84 204
89 335
64 248
198 677
118 385
357 914
84 608
307 957
266 996
115 839
402 948
296 920
376 756
108 900
390 998
10 411
445 946
178 849
5 205
357 958
17 428
241 632
361 973
78 399
97 285
8 759
208 566
147 704
41 270
77 362
285 578
98 584
263 817
298 725
41 986
24 303
108 859
111 514
391 904
285 749
205 749
274 759
70 720
237 776
310 892
302 810
153 905
62 967
109 290
128 775
56 759
100 424
276 983
97 498
140 654
25 156
354 717
89 666
454 965
180 551
116 278
281 745
8 554
82 563
168 801
309 783
2 63
18 468
111 648
52 976
240 588
208 561
190 729
57 972
131 974
291 992
56 588
455 977
372 917
339 971
274 594
251 701
287 598
134 599
182 432
428 974
90 781
317 816
403 913
42 97
46 139
222 845
287 802
155 459
70 438
108 996
102 340
249 989
201 578
93 637
364 848
342 892
267 969
419 905
240 518
72 166
103 278
63 231
238 637
170 713
71 569
172 481
142 507
12 506
191 494
179 816
433 992
140 300
258 703
325 888
84 901
285 602
80 577
371 800
168 566
13 305
289 895
245 608
355 722
262 587
304 699
81 507
90 288
364 757
30 713
272 955
200 548
173 760
234 528
269 997
413 880
146 709
207 876
157 930
108 557
218 936
90 278
107 924
242 578
409 835
15 595
252 960
254 840
289 826
50 279
7 883
37 518
267 617
143 542
110 346
84 353
237 619
266 716
208 958
358 762
157 727
172 471
46 371
216 518
147 884
86 214
197 739
186 645
103 458
334 835
48 319
302 990
206 792
344 883
41 866
258 660
37 598
239 922
72 832
169 493
268 658
5 142
350 995
194 557
208 687
377 794
117 334
96 512
249 985
2 524
9 383
81 706
154 660
2 744
110 669
178 831
171 590
115 849
240 586
290 994
142 761
277 689
415 916
37 133
28 464
203 972
101 514
284 961
58 626
248 953
230 696
53 868
181 938
130 929
24 782
202 1000
171 432
163 682
379 805
46 138
385 805
199 904
32 473
19 193
99 524
259 566
238 676
9 436
129 947
306 915
244 929
80 169
289 676
236 944
101 453
31 456
66 827
1 253
276 601
63 328
124 300
75 412
223 948
31 923
