1 1
2 1
3 2
4 2
5 1
6 1
7 4
8 2
9 1
10 5
11 2
12 2
13 3
14 1
15 6
16 4
17 5
18 1
19 4
20 2
21 3
22 7
23 2
24 4
25 7
26 1
27 4
28 4
29 1
30 1
31 12
32 6
33 1
34 5
35 2
36 8
37 7
38 5
39 2
40 4
41 1
42 11
43 4
44 8
45 9
46 13
47 4
48 2
49 7
50 1
51 2
52 14
53 1
54 3
55 4
56 4
57 5
58 11
59 8
60 2
61 7
62 3
63 18
64 10
65 1
66 9
67 10
68 2
69 1
70 5
71 4
72 6
73 9
74 1
75 10
76 12
77 13
78 3
79 4
80 8
81 1
82 13
83 2
84 2
85 11
86 1
87 8
88 4
89 1
90 1
91 4
92 6
93 7
94 19
95 2
96 2
97 19
98 1
99 2
100 4
101 5
102 11
103 8
104 4
105 1
106 5
107 10
108 20
109 17
110 11
111 6
112 12
113 1
114 3
115 14
116 8
117 5
118 5
119 2
120 10
121 5
122 9
123 8
124 4
125 5
126 5
127 34
128 16
129 9
130 7
131 2
132 6
133 17
134 1
135 2
136 26
137 15
138 3
139 20
140 4
141 3
142 13
143 8
144 4
145 7
146 1
147 4
148 10
149 5
150 11
151 4
152 6
153 3
154 5
155 2
156 2
157 35
158 1
159 4
160 4
161 7
162 11
163 10
164 8
165 11
166 11
167 4
168 16
169 13
170 37
171 6
172 14
173 1
174 1
175 18
176 4
177 5
178 23
179 2
180 2
181 7
182 17
183 2
184 12
185 5
186 1
187 10
188 6
189 1
190 37
191 2
192 14
193 17
194 1
195 8
196 4
197 5
198 9
199 26
200 2
201 13
202 13
203 4
204 2
205 7
206 5
207 4
208 4
209 1
210 1
211 8
212 20
213 9
214 13
215 10
216 6
217 19
218 5
219 6
220 22
221 1
222 17
223 4
224 2
225 23
226 21
227 40
228 6
229 17
230 1
231 2
232 34
233 1
234 9
235 10
236 10
237 7
238 7
239 2
240 14
241 17
242 11
243 2
244 4
245 1
246 11
247 22
248 8
249 3
250 5
251 2
252 6
253 7
254 1
255 58
256 30
257 5
258 5
259 4
260 2
261 1
262 23
263 20
264 4
265 7
266 11
267 4
268 4
269 9
270 1
271 4
272 16
273 1
274 11
275 4
276 16
277 19
278 1
279 10
280 22
281 1
282 21
283 26
284 2
285 5
286 5
287 8
288 4
289 7
290 5
291 4
292 52
293 1
294 13
295 4
296 4
297 35
298 5
299 2
300 24
301 11
302 7
303 2
304 14
305 5
306 1
307 34
308 4
309 1
310 11
311 26
312 4
313 13
314 11
315 14
316 4
317 37
318 17
319 8
320 10
321 3
322 31
323 2
324 4
325 41
326 1
327 4
328 42
329 1
330 1
331 34
332 26
333 5
334 13
335 12
336 14
337 17
338 1
339 16
340 4
341 31
342 11
343 10
344 6
345 3
346 35
347 4
348 20
349 17
350 1
351 20
352 14
353 5
354 1
355 12
356 20
357 19
358 5
359 2
360 16
361 31
362 11
363 6
364 6
365 17
366 3
367 24
368 4
369 3
370 25
371 2
372 6
373 7
374 5
375 2
376 16
377 21
378 1
379 14
380 2
381 23
382 57
383 4
384 2
385 49
386 1
387 44
388 26
389 7
390 13
391 10
392 16
393 1
394 5
395 14
396 14
397 19
398 1
399 8
400 26
401 17
402 17
403 4
404 2
405 3
406 5
407 4
408 10
409 75
410 1
411 2
412 46
413 1
414 1
415 10
416 14
417 5
418 27
419 2
420 2
421 13
422 11
423 8
424 10
425 5
426 1
427 34
428 2
429 1
430 23
431 2
432 6
433 13
434 5
435 8
436 20
437 11
438 1
439 4
440 16
441 1
442 13
443 2
444 56
445 13
446 5
447 4
448 14
449 13
450 11
451 32
452 6
453 1
454 7
455 10
456 4
457 19
458 5
459 6
460 10
461 5
462 11
463 12
464 2
465 17
466 5
467 34
468 8
469 7
470 1
471 8
472 56
473 1
474 33
475 4
476 14
477 5
478 13
479 8
480 12
481 7
482 11
483 2
484 22
485 5
486 9
487 34
488 2
489 17
490 29
491 2
492 6
493 17
494 11
495 2
496 34
497 5
498 3
499 30
500 26
501 7
502 13
503 4
504 2
505 33
506 11
507 20
508 22
509 1
510 3
511 106
512 52
513 9
514 13
515 2
516 4
517 23
518 11
519 2
520 4
521 5
522 13
523 4
524 4
525 3
526 25
527 4
528 72
529 13
530 1
531 2
532 14
533 7
534 3
535 58
536 6
537 17
538 5
539 4
540 8
541 7
542 41
543 2
544 12
545 1
546 3
547 44
548 4
549 11
550 5
551 38
552 56
553 17
554 1
555 12
556 14
557 13
558 1
559 4
560 4
561 1
562 17
563 14
564 2
565 19
566 5
567 4
568 4
569 7
570 9
571 56
572 16
573 13
574 5
575 2
576 4
577 41
578 17
579 8
580 24
581 7
582 17
583 4
584 8
585 1
586 23
587 8
588 4
589 7
590 5
591 16
592 14
593 1
594 11
595 28
596 4
597 5
598 75
599 10
600 4
601 7
602 51
603 8
604 34
605 5
606 1
607 16
608 8
609 5
610 13
611 2
612 14
613 7
614 1
615 2
616 12
617 39
618 1
619 14
620 26
621 13
622 13
623 46
624 8
625 11
626 5
627 16
628 4
629 1
630 27
631 4
632 14
633 9
634 11
635 68
636 8
637 61
638 1
639 2
640 26
641 1
642 81
643 34
644 8
645 1
646 21
647 40
648 2
649 19
650 1
651 2
652 32
653 1
654 23
655 14
656 6
657 5
658 13
659 2
660 22
661 35
662 11
663 6
664 4
665 3
666 27
667 44
668 8
669 9
670 7
671 8
672 6
673 7
674 5
675 16
676 70
677 5
678 5
679 52
680 2
681 5
682 119
683 2
684 2
685 19
686 1
687 26
688 22
689 5
690 1
691 4
692 16
693 81
694 5
695 4
696 16
697 55
698 37
699 6
700 4
701 5
702 13
703 26
704 2
705 7
706 17
707 10
708 40
709 31
710 21
711 6
712 22
713 1
714 17
715 10
716 8
717 35
718 5
719 2
720 12
721 43
722 21
723 2
724 38
725 1
726 1
727 34
728 20
729 3
730 5
731 26
732 6
733 11
734 21
735 6
736 4
737 7
738 9
739 34
740 4
741 1
742 31
743 2
744 2
745 17
746 1
747 20
748 10
749 1
750 9
751 8
752 32
753 7
754 5
755 2
756 26
757 19
758 11
759 34
760 20
761 1
762 27
763 4
764 4
765 1
766 117
767 10
768 6
769 49
770 25
771 2
772 14
773 71
774 1
775 14
776 8
777 5
778 7
779 2
780 20
781 7
782 11
783 2
784 4
785 1
786 7
787 58
788 4
789 3
790 55
791 2
792 6
793 9
794 5
795 10
796 10
797 19
798 3
799 34
800 4
801 11
802 13
803 2
804 8
805 7
806 31
807 34
808 24
809 1
810 1
811 4
812 16
813 3
814 11
815 26
816 8
817 49
818 1
819 4
820 4
821 13
822 17
823 18
824 36
825 37
826 13
827 34
828 18
829 33
830 61
831 2
832 52
833 1
834 1
835 4
836 8
837 7
838 31
839 26
840 4
841 37
842 33
843 72
844 4
845 17
846 1
847 64
848 2
849 3
850 33
851 4
852 106
853 7
854 7
855 4
856 16
857 13
858 11
859 8
860 8
861 3
862 23
863 10
864 58
865 13
866 1
867 4
868 20
869 5
870 1
871 14
872 6
873 1
874 13
875 8
876 12
877 85
878 17
879 2
880 4
881 17
882 21
883 34
884 6
885 17
886 7
887 16
888 24
889 13
890 11
891 2
892 104
893 1
894 3
895 12
896 4
897 5
898 5
899 50
900 72
901 49
902 7
903 8
904 18
905 5
906 17
907 22
908 8
909 7
910 5
911 2
912 26
913 35
914 13
915 6
916 14
917 5
918 5
919 4
920 8
921 15
922 57
923 2
924 6
925 13
926 29
927 20
928 4
929 7
930 1
931 14
932 6
933 1
934 53
935 2
936 2
937 13
938 1
939 2
940 34
941 5
942 31
943 34
944 4
945 37
946 29
947 4
948 16
949 11
950 1
951 4
952 94
953 1
954 5
955 48
956 8
957 5
958 11
959 4
960 38
961 31
962 47
963 8
964 10
965 1
966 3
967 52
968 6
969 11
970 5
971 4
972 6
973 13
974 1
975 2
976 90
977 35
978 9
979 4
980 6
981 41
982 13
983 14
984 4
985 115
986 1
987 8
988 4
989 1
990 11
991 4
992 46
993 1
994 93
995 12
996 2
997 77
998 1
999 6
1000 14
1001 7
1002 11
1003 20
1004 14
1005 5
1006 37
1007 48
1008 6
1009 43
1010 11
1011 14
1012 22
1013 1
1014 1
1015 4
1016 4
1017 19
1018 47
1019 2
1020 16
1021 7
1022 11
1023 186
1024 94
1025 5
1026 1
1027 34
1028 12
1029 17
1030 17
1031 2
1032 14
1033 19
1034 1
1035 58
1036 10
1037 7
1038 13
1039 56
1040 2
1041 1
1042 13
1043 2
1044 72
1045 61
1046 29
1047 4
1048 26
1049 1
1050 13
1051 4
1052 6
1053 55
1054 61
1055 2
1056 48
1057 23
1058 17
1059 8
1060 14
1061 7
1062 29
1063 4
1064 4
1065 1
1066 19
1067 40
1068 2
1069 41
1070 1
1071 42
1072 58
1073 13
1074 23
1075 8
1076 2
1077 21
1078 5
1079 56
1080 2
1081 33
1082 31
1083 4
1084 92
1085 5
1086 11
1087 34
1088 8
1089 3
1090 13
1091 4
1092 14
1093 7
1094 5
1095 16
1096 52
1097 13
1098 3
1099 10
1100 68
1101 3
1102 63
1103 2
1104 4
1105 13
1106 1
1107 4
1108 10
1109 5
1110 1
1111 74
1112 26
1113 7
1114 5
1115 8
1116 14
1117 19
1118 1
1119 2
1120 10
1121 1
1122 11
1123 14
1124 6
1125 3
1126 5
1127 114
1128 14
1129 27
1130 43
1131 62
1132 54
1133 1
1134 1
1135 4
1136 4
1137 71
1138 23
1139 10
1140 12
1141 7
1142 31
1143 6
1144 68
1145 5
1146 1
1147 80
1148 2
1149 7
1150 13
1151 14
1152 6
1153 7
1154 1
1155 2
1156 82
1157 5
1158 79
1159 4
1160 12
1161 5
1162 127
1163 4
1164 20
1165 75
1166 1
1167 4
1168 22
1169 1
1170 3
1171 38
1172 26
1173 3
1174 13
1175 50
1176 14
1177 49
1178 1
1179 114
1180 4
1181 7
1182 31
1183 8
1184 8
1185 1
1186 41
1187 10
1188 2
1189 43
1190 5
1191 6
1192 32
1193 113
1194 1
1195 4
1196 4
1197 5
1198 23
1199 2
1200 8
1201 35
1202 71
1203 4
1204 44
1205 5
1206 37
1207 44
1208 2
1209 7
1210 7
1211 2
1212 20
1213 7
1214 5
1215 34
1216 10
1217 5
1218 1
1219 12
1220 8
1221 9
1222 13
1223 2
1224 20
1225 31
1226 13
1227 4
1228 124
1229 1
1230 5
1231 4
1232 56
1233 1
1234 5
1235 14
1236 4
1237 77
1238 1
1239 8
1240 4
1241 5
1242 17
1243 4
1244 4
1245 5
1246 17
1247 10
1248 4
1249 39
1250 43
1251 2
1252 14
1253 11
1254 27
1255 34
1256 8
1257 5
1258 5
1259 10
1260 2
1261 7
1262 27
1263 16
1264 22
1265 1
1266 11
1267 34
1268 10
1269 1
1270 23
1271 2
1272 6
1273 17
1274 1
1275 2
1276 14
1277 117
1278 1
1279 4
1280 6
1281 17
1282 91
1283 32
1284 16
1285 7
1286 13
1287 8
1288 4
1289 1
1290 17
1291 58
1292 14
1293 9
1294 5
1295 2
1296 32
1297 19
1298 9
1299 14
1300 22
1301 7
1302 11
1303 14
1304 2
1305 9
1306 25
1307 4
1308 2
1309 33
1310 1
1311 10
1312 32
1313 5
1314 5
1315 4
1316 2
1317 83
1318 7
1319 40
1320 8
1321 33
1322 9
1323 2
1324 4
1325 31
1326 9
1327 22
1328 16
1329 1
1330 5
1331 2
1332 56
1333 113
1334 29
1335 6
1336 16
1337 7
1338 1
1339 14
1340 8
1341 1
1342 13
1343 34
1344 12
1345 35
1346 1
1347 24
1348 34
1349 1
1350 81
1351 34
1352 6
1353 1
1354 81
1355 2
1356 2
1357 19
1358 25
1359 2
1360 4
1361 5
1362 29
1363 10
1364 2
1365 105
1366 21
1367 4
1368 26
1369 13
1370 1
1371 8
1372 52
1373 7
1374 3
1375 14
1376 2
1377 19
1378 13
1379 62
1380 56
1381 29
1382 33
1383 6
1384 14
1385 7
1386 5
1387 34
1388 2
1389 29
1390 19
1391 28
1392 6
1393 7
1394 1
1395 6
1396 48
1397 45
1398 1
1399 8
1400 2
1401 1
1402 103
1403 8
1404 2
1405 17
1406 11
1407 4
1408 20
1409 1
1410 69
1411 4
1412 38
1413 49
1414 23
1415 4
1416 24
1417 77
1418 1
1419 8
1420 4
1421 1
1422 11
1423 92
1424 26
1425 1
1426 7
1427 16
1428 28
1429 43
1430 1
1431 16
1432 14
1433 5
1434 41
1435 22
1436 20
1437 11
1438 23
1439 2
1440 10
1441 25
1442 21
1443 2
1444 10
1445 9
1446 5
1447 34
1448 2
1449 13
1450 5
1451 2
1452 14
1453 57
1454 1
1455 24
1456 16
1457 19
1458 3
1459 26
1460 56
1461 9
1462 93
1463 2
1464 6
1465 7
1466 5
1467 4
1468 44
1469 1
1470 11
1471 84
1472 34
1473 9
1474 5
1475 4
1476 6
1477 19
1478 1
1479 4
1480 38
1481 1
1482 21
1483 32
1484 8
1485 27
1486 5
1487 62
1488 16
1489 101
1490 13
1491 10
1492 14
1493 5
1494 17
1495 10
1496 26
1497 5
1498 49
1499 2
1500 2
1501 77
1502 49
1503 20
1504 22
1505 1
1506 5
1507 34
1508 32
1509 1
1510 13
1511 2
1512 28
1513 7
1514 17
1515 44
1516 82
1517 5
1518 1
1519 34
1520 2
1521 7
1522 59
1523 10
1524 4
1525 31
1526 47
1527 20
1528 4
1529 29
1530 15
1531 10
1532 6
1533 1
1534 175
1535 4
1536 20
1537 157
1538 11
1539 2
1540 26
1541 1
1542 13
1543 32
1544 4
1545 45
1546 5
1547 4
1548 20
1549 13
1550 5
1551 4
1552 32
1553 5
1554 7
1555 34
1556 10
1557 53
1558 5
1559 2
1560 20
1561 7
1562 5
1563 4
1564 14
1565 37
1566 131
1567 40
1568 4
1569 35
1570 11
1571 8
1572 56
1573 13
1574 5
1575 8
1576 10
1577 29
1578 71
1579 32
1580 16
1581 3
1582 13
1583 2
1584 2
1585 145
1586 5
1587 56
1588 22
1589 13
1590 3
1591 4
1592 74
1593 1
1594 5
1595 58
1596 20
1597 23
1598 5
1599 20
1600 22
1601 1
1602 51
1603 10
1604 2
1605 15
1606 93
1607 10
1608 4
1609 19
1610 5
1611 4
1612 52
1613 5
1614 3
1615 8
1616 6
1617 5
1618 13
1619 8
1620 16
1621 17
1622 13
1623 8
1624 20
1625 5
1626 1
1627 104
1628 8
1629 3
1630 5
1631 16
1632 6
1633 17
1634 5
1635 6
1636 4
1637 15
1638 117
1639 10
1640 36
1641 17
1642 119
1643 4
1644 14
1645 13
1646 17
1647 4
1648 32
1649 1
1650 5
1651 12
1652 6
1653 1
1654 77
1655 32
1656 4
1657 169
1658 13
1659 2
1660 22
1661 1
1662 43
1663 4
1664 2
1665 15
1666 37
1667 20
1668 8
1669 35
1670 81
1671 6
1672 34
1673 1
1674 11
1675 4
1676 8
1677 59
1678 11
1679 2
1680 20
1681 13
1682 71
1683 100
1684 4
1685 1
1686 3
1687 24
1688 10
1689 27
1690 29
1691 8
1692 6
1693 7
1694 7
1695 30
1696 52
1697 75
1698 11
1699 14
1700 4
1701 7
1702 13
1703 2
1704 16
1705 11
1706 1
1707 94
1708 22
1709 5
1710 13
1711 26
1712 20
1713 5
1714 75
1715 26
1716 2
1717 49
1718 5
1719 20
1720 34
1721 7
1722 31
1723 8
1724 8
1725 35
1726 5
1727 10
1728 6
1729 13
1730 1
1731 6
1732 104
1733 1
1734 1
1735 44
1736 32
1737 7
1738 25
1739 38
1740 2
1741 31
1742 101
1743 4
1744 22
1745 1
1746 11
1747 44
1748 6
1749 1
1750 7
1751 34
1752 6
1753 17
1754 7
1755 2
1756 4
1757 99
1758 1
1759 38
1760 8
1761 9
1762 23
1763 2
1764 4
1765 13
1766 1
1767 20
1768 10
1769 1
1770 15
1771 16
1772 6
1773 1
1774 47
1775 4
1776 22
1777 35
1778 1
1779 2
1780 4
1781 5
1782 41
1783 34
1784 10
1785 1
1786 47
1787 74
1788 108
1789 13
1790 1
1791 2
1792 14
1793 7
1794 27
1795 208
1796 2
1797 5
1798 31
1799 4
1800 16
1801 13
1802 33
1803 6
1804 12
1805 11
1806 1
1807 154
1808 2
1809 17
1810 23
1811 2
1812 16
1813 83
1814 5
1815 6
1816 14
1817 13
1818 1
1819 4
1820 122
1821 1
1822 19
1823 8
1824 26
1825 25
1826 13
1827 80
1828 14
1829 1
1830 9
1831 34
1832 16
1833 15
1834 5
1835 2
1836 4
1837 39
1838 1
1839 10
1840 20
1841 145
1842 13
1843 4
1844 62
1845 1
1846 5
1847 10
1848 2
1849 17
1850 1
1851 14
1852 118
1853 33
1854 1
1855 4
1856 8
1857 5
1858 35
1859 2
1860 2
1861 71
1862 11
1863 2
1864 40
1865 71
1866 1
1867 22
1868 6
1869 7
1870 139
1871 4
1872 14
1873 25
1874 5
1875 68
1876 18
1877 5
1878 21
1879 14
1880 20
1881 5
1882 49
1883 2
1884 2
1885 7
1886 13
1887 72
1888 4
1889 1
1890 21
1891 82
1892 6
1893 9
1894 11
1895 20
1896 2
1897 41
1898 1
1899 4
1900 26
1901 1
1902 11
1903 14
1904 6
1905 9
1906 199
1907 110
1908 4
1909 25
1910 5
1911 6
1912 102
1913 35
1914 9
1915 4
1916 4
1917 19
1918 5
1919 4
1920 8
1921 75
1922 11
1923 2
1924 4
1925 1
1926 1
1927 244
1928 26
1929 7
1930 55
1931 2
1932 6
1933 17
1934 17
1935 30
1936 4
1937 75
1938 1
1939 32
1940 10
1941 13
1942 119
1943 8
1944 6
1945 7
1946 29
1947 34
1948 56
1949 5
1950 5
1951 4
1952 38
1953 1
1954 5
1955 2
1956 60
1957 45
1958 1
1959 2
1960 4
1961 1
1962 29
1963 68
1964 2
1965 1
1966 35
1967 4
1968 132
1969 19
1970 5
1971 18
1972 14
1973 1
1974 5
1975 20
1976 4
1977 65
1978 5
1979 4
1980 26
1981 67
1982 71
1983 2
1984 48
1985 7
1986 11
1987 34
1988 20
1989 5
1990 13
1991 8
1992 6
1993 7
1994 1
1995 22
1996 10
1997 35
1998 37
1999 76
2000 4
2001 1
2002 71
2003 2
2004 8
2005 17
2006 1
2007 44
2008 26
2009 1
2010 1
2011 10
2012 26
2013 3
2014 23
2015 4
2016 112
2017 19
2018 5
2019 30
2020 12
2021 5
2022 11
2023 14
2024 8
2025 81
2026 47
2027 10
2028 24
2029 117
2030 37
2031 8
2032 14
2033 9
2034 27
2035 14
2036 2
2037 7
2038 83
2039 2
2040 14
2041 7
2042 31
2043 8
2044 14
2045 1
2046 1
2047 350
2048 172
2049 1
2050 5
2051 4
2052 6
2053 7
2054 5
2055 2
2056 32
2057 5
2058 5
2059 4
2060 6
2061 69
2062 79
2063 2
2064 6
2065 27
2066 1
2067 4
2068 14
2069 1
2070 43
2071 4
2072 6
2073 19
2074 7
2075 14
2076 12
2077 49
2078 1
2079 2
2080 236
2081 5
2082 59
2083 12
2084 4
2085 17
2086 13
2087 8
2088 48
2089 33
2090 21
2091 26
2092 76
2093 29
2094 5
2095 94
2096 8
2097 5
2098 13
2099 70
2100 8
2101 7
2102 11
2103 74
2104 14
2105 5
2106 5
2107 40
2108 4
2109 1
2110 75
2111 8
2112 20
2113 7
2114 1
2115 2
2116 22
2117 23
2118 13
2119 24
2120 2
2121 1
2122 31
2123 20
2124 16
2125 121
2126 1
2127 20
2128 52
2129 1
2130 1
2131 60
2132 6
2133 27
2134 13
2135 14
2136 8
2137 57
2138 29
2139 4
2140 4
2141 1
2142 11
2143 52
2144 4
2145 9
2146 13
2147 4
2148 8
2149 17
2150 23
2151 78
2152 104
2153 17
2154 13
2155 8
2156 4
2157 5
2158 5
2159 14
2160 6
2161 37
2162 11
2163 2
2164 128
2165 13
2166 9
2167 64
2168 2
2169 3
2170 5
2171 10
2172 14
2173 59
2174 1
2175 10
2176 4
2177 39
2178 1
2179 4
2180 44
2181 1
2182 97
2183 28
2184 274
2185 41
2186 1
2187 14
2188 10
2189 21
2190 65
2191 12
2192 6
2193 7
2194 77
2195 2
2196 8
2197 19
2198 1
2199 4
2200 30
2201 71
2202 33
2203 64
2204 8
2205 23
2206 13
2207 4
2208 100
2209 7
2210 13
2211 6
2212 22
2213 17
2214 11
2215 26
2216 106
2217 5
2218 57
2219 8
2220 2
2221 13
2222 113
2223 2
2224 4
2225 1
2226 33
2227 40
2228 4
2229 25
2230 5
2231 2
2232 14
2233 7
2234 29
2235 8
2236 38
2237 7
2238 7
2239 4
2240 8
2241 1
2242 59
2243 32
2244 2
2245 17
2246 1
2247 48
2248 4
2249 7
2250 11
2251 26
2252 56
2253 1
2254 11
2255 4
2256 96
2257 95
2258 1
2259 6
2260 22
2261 17
2262 27
2263 8
2264 8
2265 5
2266 5
2267 4
2268 14
2269 71
2270 5
2271 14
2272 32
2273 1
2274 3
2275 34
2276 16
2277 21
2278 69
2279 8
2280 2
2281 33
2282 13
2283 6
2284 4
2285 5
2286 11
2287 82
2288 48
2289 71
2290 7
2291 2
2292 14
2293 13
2294 21
2295 2
2296 4
2297 13
2298 3
2299 292
2300 10
2301 1
2302 31
2303 8
2304 4
2305 19
2306 5
2307 20
2308 68
2309 13
2310 1
2311 74
2312 16
2313 9
2314 5
2315 12
2316 38
2317 35
2318 1
2319 2
2320 212
2321 11
2322 11
2323 4
2324 2
2325 3
2326 23
2327 48
2328 12
2329 25
2330 5
2331 6
2332 14
2333 5
2334 17
2335 10
2336 2
2337 133
2338 5
2339 2
2340 316
2341 41
2342 17
2343 24
2344 12
2345 1
2346 15
2347 34
2348 82
2349 37
2350 5
2351 2
2352 6
2353 11
2354 29
2355 100
2356 4
2357 35
2358 17
2359 22
2360 16
2361 1
2362 93
2363 4
2364 6
2365 13
2366 13
2367 4
2368 10
2369 5
2370 21
2371 90
2372 142
2373 5
2374 5
2375 10
2376 30
2377 19
2378 5
2379 6
2380 14
2381 19
2382 71
2383 14
2384 16
2385 9
2386 31
2387 16
2388 22
2389 13
2390 95
2391 2
2392 58
2393 1
2394 1
2395 10
2396 2
2397 35
2398 93
2399 2
2400 4
2401 13
2402 25
2403 14
2404 32
2405 17
2406 1
2407 22
2408 4
2409 9
2410 5
2411 40
2412 20
2413 17
2414 13
2415 2
2416 10
2417 5
2418 11
2419 94
2420 8
2421 5
2422 103
2423 4
2424 14
2425 63
2426 5
2427 16
2428 4
2429 175
2430 5
2431 4
2432 26
2433 27
2434 11
2435 10
2436 4
2437 49
2438 1
2439 62
2440 10
2441 49
2442 11
2443 30
2444 2
2445 33
2446 53
2447 44
2448 4
2449 17
2450 11
2451 2
2452 142
2453 5
2454 3
2455 4
2456 6
2457 5
2458 13
2459 2
2460 142
2461 11
2462 11
2463 8
2464 34
2465 5
2466 1
2467 44
2468 4
2469 7
2470 25
2471 2
2472 32
2473 109
2474 9
2475 2
2476 94
2477 5
2478 1
2479 34
2480 44
2481 9
2482 103
2483 2
2484 2
2485 55
2486 1
2487 8
2488 82
2489 5
2490 11
2491 174
2492 16
2493 1
2494 5
2495 62
2496 8
2497 145
2498 5
2499 14
2500 4
2501 1
2502 119
2503 4
2504 2
2505 1
2506 7
2507 34
2508 6
2509 17
2510 5
2511 2
2512 22
2513 19
2514 5
2515 80
2516 8
2517 19
2518 53
2519 2
2520 4
2521 13
2522 11
2523 30
2524 52
2525 1
2526 13
2527 84
2528 6
2529 1
2530 215
2531 4
2532 56
2533 7
2534 11
2535 12
2536 44
2537 35
2538 1
2539 4
2540 8
2541 35
2542 107
2543 2
2544 20
2545 7
2546 5
2547 4
2548 10
2549 1
2550 3
2551 40
2552 16
2553 1
2554 13
2555 4
2556 12
2557 313
2558 53
2559 2
2560 12
2561 11
2562 93
2563 22
2564 20
2565 11
2566 13
2567 40
2568 4
2569 47
2570 11
2571 8
2572 34
2573 1
2574 21
2575 34
2576 46
2577 5
2578 11
2579 26
2580 46
2581 17
2582 13
2583 6
2584 10
2585 1
2586 23
2587 38
2588 20
2589 1
2590 31
2591 26
2592 56
2593 173
2594 1
2595 4
2596 38
2597 5
2598 3
2599 4
2600 8
2601 17
2602 13
2603 56
2604 24
2605 33
2606 11
2607 20
2608 14
2609 17
2610 5
2611 4
2612 46
2613 1
2614 35
2615 2
2616 4
2617 19
2618 7
2619 20
2620 4
2621 9
2622 13
2623 22
2624 6
2625 17
2626 23
2627 10
2628 16
2629 37
2630 1
2631 10
2632 118
2633 11
2634 5
2635 50
2636 2
2637 15
2638 5
2639 14
2640 2
2641 7
2642 145
2643 8
2644 52
2645 43
2646 9
2647 64
2648 8
2649 9
2650 83
2651 2
2652 6
2653 19
2654 1
2655 14
2656 44
2657 5
2658 27
2659 10
2660 20
2661 3
2662 47
2663 8
2664 16
2665 73
2666 1
2667 34
2668 22
2669 13
2670 43
2671 34
2672 16
2673 27
2674 5
2675 2
2676 6
2677 265
2678 5
2679 26
2680 4
2681 13
2682 31
2683 10
2684 26
2685 23
2686 31
2687 24
2688 10
2689 13
2690 5
2691 16
2692 14
2693 1
2694 11
2695 8
2696 4
2697 19
2698 149
2699 2
2700 12
2701 145
2702 17
2703 2
2704 74
2705 5
2706 3
2707 22
2708 2
2709 129
2710 25
2711 34
2712 134
2713 25
2714 17
2715 2
2716 16
2717 5
2718 3
2719 48
2720 10
2721 1
2722 37
2723 4
2724 6
2725 17
2726 43
2727 4
2728 22
2729 5
2730 399
2731 12
2732 16
2733 41
2734 5
2735 10
2736 14
2737 71
2738 1
2739 2
2740 56
2741 1
2742 13
2743 34
2744 10
2745 13
2746 13
2747 50
2748 8
2749 35
2750 1
2751 6
2752 14
2753 1
2754 9
2755 14
2756 6
2757 77
2758 11
2759 2
2760 2
2761 17
2762 101
2763 2
2764 46
2765 7
2766 5
2767 80
2768 72
2769 5
2770 5
2771 32
2772 6
2773 19
2774 13
2775 100
2776 22
2777 59
2778 1
2779 88
2780 4
2781 1
2782 59
2783 4
2784 12
2785 11
2786 1
2787 20
2788 22
2789 5
2790 45
2791 4
2792 6
2793 41
2794 17
2795 2
2796 26
2797 19
2798 11
2799 4
2800 4
2801 21
2802 13
2803 116
2804 8
2805 37
2806 5
2807 4
2808 20
2809 7
2810 117
2811 2
2812 22
2813 57
2814 79
2815 4
2816 10
2817 29
2818 5
2819 2
2820 10
2821 91
2822 11
2823 2
2824 14
2825 1
2826 3
2827 94
2828 2
2829 1
2830 93
2831 8
2832 14
2833 13
2834 13
2835 4
2836 106
2837 7
2838 23
2839 72
2840 26
2841 1
2842 13
2843 8
2844 8
2845 33
2846 1
2847 34
2848 18
2849 7
2850 1
2851 4
2852 26
2853 13
2854 13
2855 10
2856 30
2857 151
2858 1
2859 60
2860 4
2861 7
2862 29
2863 14
2864 50
2865 23
2866 139
2867 48
2868 24
2869 17
2870 1
2871 2
2872 14
2873 5
2874 1
2875 14
2876 4
2877 5
2878 13
2879 4
2880 16
2881 115
2882 21
2883 58
2884 52
2885 5
2886 17
2887 140
2888 16
2889 1
2890 23
2891 2
2892 62
2893 17
2894 5
2895 2
2896 4
2897 39
2898 175
2899 10
2900 2
2901 9
2902 73
2903 2
2904 16
2905 19
2906 1
2907 22
2908 32
2909 9
2910 15
2911 8
2912 26
2913 1
2914 13
2915 20
2916 22
2917 19
2918 11
2919 2
2920 22
2921 1
2922 17
2923 4
2924 2
2925 1
2926 5
2927 4
2928 2
2929 139
2930 5
2931 114
2932 104
2933 7
2934 1
2935 26
2936 8
2937 11
2938 7
2939 2
2940 4
2941 19
2942 13
2943 8
2944 114
2945 17
2946 5
2947 22
2948 2
2949 7
2950 41
2951 2
2952 26
2953 13
2954 5
2955 50
2956 188
2957 75
2958 27
2959 4
2960 68
2961 1
2962 23
2963 2
2964 14
2965 7
2966 11
2967 4
2968 4
2969 1
2970 31
2971 32
2972 56
2973 15
2974 11
2975 12
2976 6
2977 139
2978 29
2979 4
2980 4
2981 97
2982 13
2983 152
2984 56
2985 9
2986 37
2987 8
2988 10
2989 7
2990 13
2991 20
2992 224
2993 1
2994 21
2995 4
2996 6
2997 49
2998 13
2999 8
3000 70
3001 23
3002 21
3003 6
3004 22
3005 1
3006 9
3007 34
3008 4
3009 9
3010 27
3011 4
3012 92
3013 39
3014 1
3015 20
3016 16
3017 35
3018 3
3019 106
3020 8
3021 19
3022 139
3023 2
3024 8
3025 19
3026 1
3027 20
3028 128
3029 17
3030 13
3031 32
3032 6
3033 1
3034 41
3035 4
3036 2
3037 27
3038 5
3039 6
3040 4
3041 33
3042 41
3043 4
3044 8
3045 3
3046 7
3047 20
3048 58
3049 13
3050 1
3051 8
3052 58
3053 13
3054 11
3055 138
3056 2
3057 5
3058 5
3059 16
3060 4
3061 49
3062 19
3063 4
3064 10
3065 1
3066 3
3067 34
3068 12
3069 9
3070 373
3071 2
3072 6
3073 157
3074 31
3075 6
3076 14
3077 5
3078 5
3079 4
3080 22
3081 3
3082 57
3083 50
3084 20
3085 37
3086 1
3087 70
3088 50
3089 5
3090 9
3091 24
3092 6
3093 5
3094 5
3095 112
3096 4
3097 41
3098 1
3099 2
3100 52
3101 1
3102 107
3103 4
3104 8
3105 1
3106 175
3107 64
3108 6
3109 17
3110 5
3111 310
3112 22
3113 5
3114 1
3115 34
3116 8
3117 225
3118 77
3119 8
3120 4
3121 7
3122 41
3123 2
3124 4
3125 29
3126 27
3127 34
3128 2
3129 7
3130 5
3131 2
3132 14
3133 145
3134 1
3135 6
3136 102
3137 67
3138 1
3139 80
3140 16
3141 9
3142 13
3143 2
3144 78
3145 35
3146 41
3147 4
3148 4
3149 1
3150 3
3151 38
3152 136
3153 35
3154 7
3155 2
3156 4
3157 19
3158 1
3159 26
3160 162
3161 1
3162 47
3163 182
3164 2
3165 9
3166 5
3167 40
3168 22
3169 145
3170 11
3171 2
3172 32
3173 13
3174 9
3175 44
3176 16
3177 323
3178 25
3179 2
3180 120
3181 35
3182 25
3183 2
3184 22
3185 11
3186 1
3187 88
3188 32
3189 1
3190 11
3191 4
3192 6
3193 13
3194 1
3195 14
3196 4
3197 5
3198 1
3199 26
3200 6
3201 65
3202 119
3203 10
3204 56
3205 7
3206 7
3207 4
3208 62
3209 9
3210 3
3211 4
3212 146
3213 3
3214 85
3215 10
3216 44
3217 157
3218 29
3219 8
3220 40
3221 7
3222 17
3223 68
3224 8
3225 3
3226 11
3227 4
3228 4
3229 7
3230 29
3231 14
3232 54
3233 13
3234 1
3235 8
3236 2
3237 71
3238 151
3239 106
3240 8
3241 7
3242 11
3243 10
3244 82
3245 1
3246 43
3247 94
3248 80
3249 15
3250 13
3251 8
3252 6
3253 153
3254 11
3255 8
3256 14
3257 5
3258 25
3259 34
3260 4
3261 13
3262 57
3263 4
3264 64
3265 17
3266 49
3267 4
3268 10
3269 5
3270 37
3271 20
3272 104
3273 1
3274 13
3275 2
3276 56
3277 41
3278 5
3279 58
3280 8
3281 17
3282 31
3283 14
3284 4
3285 5
3286 47
3287 8
3288 2
3289 87
3290 5
3291 4
3292 34
3293 5
3294 5
3295 10
3296 4
3297 5
3298 17
3299 2
3300 26
3301 137
3302 111
3303 2
3304 10
3305 145
3306 11
3307 102
3308 6
3309 1
3310 5
3311 4
3312 16
3313 9
3314 5
3315 8
3316 34
3317 13
3318 1
3319 4
3320 16
3321 233
3322 13
3323 14
3324 40
3325 29
3326 1
3327 10
3328 14
3329 1
3330 3
3331 4
3332 76
3333 13
3334 207
3335 44
3336 6
3337 71
3338 5
3339 42
3340 22
3341 7
3342 17
3343 8
3344 8
3345 1
3346 23
3347 40
3348 38
3349 41
3350 1
3351 2
3352 32
3353 13
3354 1
3355 4
3356 14
3357 35
3358 5
3359 2
3360 14
3361 13
3362 11
3363 38
3364 4
3365 37
3366 1
3367 34
3368 2
3369 5
3370 35
3371 4
3372 14
3373 19
3374 83
3375 24
3376 10
3377 75
3378 17
3379 12
3380 4
3381 1
3382 343
3383 4
3384 16
3385 43
3386 11
3387 16
3388 38
3389 1
3390 1
3391 128
3392 14
3393 13
3394 125
3395 10
3396 4
3397 147
3398 17
3399 8
3400 4
3401 1
3402 11
3403 4
3404 4
3405 17
3406 11
3407 20
3408 36
3409 13
3410 5
3411 2
3412 212
3413 1
3414 1
3415 32
3416 2
3417 5
3418 31
3419 8
3420 4
3421 37
3422 11
3423 8
3424 12
3425 83
3426 53
3427 94
3428 8
3429 3
3430 13
3431 2
3432 6
3433 201
3434 1
3435 10
3436 14
3437 37
3438 9
3439 4
3440 8
3441 1
3442 103
3443 8
3444 2
3445 7
3446 21
3447 20
3448 22
3449 1
3450 9
3451 34
3452 6
3453 1
3454 29
3455 2
3456 48
3457 19
3458 1
3459 34
3460 20
3461 35
3462 29
3463 4
3464 20
3465 17
3466 5
3467 236
3468 16
3469 115
3470 85
3471 28
3472 14
3473 1
3474 1
3475 236
3476 20
3477 19
3478 7
3479 14
3480 6
3481 37
3482 33
3483 6
3484 14
3485 1
3486 9
3487 210
3488 2
3489 11
3490 13
3491 2
3492 94
3493 61
3494 51
3495 2
3496 208
3497 13
3498 3
3499 4
3500 14
3501 5
3502 13
3503 48
3504 10
3505 57
3506 1
3507 20
3508 4
3509 1
3510 23
3511 10
3512 54
3513 1
3514 63
3515 26
3516 14
3517 77
3518 13
3519 2
3520 10
3521 1
3522 11
3523 16
3524 26
3525 31
3526 101
3527 34
3528 18
3529 43
3530 11
3531 16
3532 82
3533 5
3534 1
3535 4
3536 10
3537 17
3538 229
3539 2
3540 58
3541 11
3542 201
3543 8
3544 22
3545 35
3546 11
3547 94
3548 32
3549 27
3550 11
3551 2
3552 94
3553 17
3554 1
3555 8
3556 4
3557 13
3558 5
3559 104
3560 8
3561 7
3562 31
3563 2
3564 4
3565 7
3566 5
3567 4
3568 128
3569 7
3570 27
3571 16
3572 86
3573 11
3574 13
3575 22
3576 8
3577 45
3578 11
3579 2
3580 320
3581 39
3582 17
3583 4
3584 4
3585 13
3586 7
3587 158
3588 2
3589 13
3590 11
3591 4
3592 14
3593 1
3594 65
3595 38
3596 2
3597 5
3598 5
3599 8
3600 20
3601 17
3602 37
3603 2
3604 44
3605 1
3606 3
3607 214
3608 8
3609 1
3610 13
3611 62
3612 38
3613 119
3614 1
3615 30
3616 16
3617 5
3618 1
3619 94
3620 6
3621 1
3622 107
3623 2
3624 4
3625 7
3626 1
3627 4
3628 22
3629 71
3630 11
3631 10
3632 6
3633 17
3634 5
3635 12
3636 16
3637 61
3638 5
3639 16
3640 12
3641 1
3642 41
3643 14
3644 6
3645 5
3646 103
3647 10
3648 2
3649 29
3650 9
3651 22
3652 14
3653 1
3654 7
3655 4
3656 8
3657 77
3658 31
3659 4
3660 6
3661 17
3662 11
3663 32
3664 26
3665 1
3666 3
3667 34
3668 14
3669 7
3670 5
3671 14
3672 106
3673 41
3674 1
3675 14
3676 80
3677 13
3678 11
3679 34
3680 104
3681 21
3682 13
3683 4
3684 6
3685 173
3686 17
3687 10
3688 4
3689 11
3690 23
3691 14
3692 26
3693 17
3694 7
3695 4
3696 28
3697 169
3698 11
3699 134
3700 4
3701 43
3702 13
3703 12
3704 20
3705 1
3706 41
3707 4
3708 2
3709 13
3710 43
3711 36
3712 108
3713 5
3714 23
3715 4
3716 2
3717 5
3718 25
3719 10
3720 16
3721 7
3722 11
3723 4
3724 14
3725 1
3726 81
3727 44
3728 2
3729 1
3730 11
3731 20
3732 6
3733 13
3734 47
3735 76
3736 14
3737 35
3738 1
3739 24
3740 4
3741 11
3742 31
3743 38
3744 16
3745 13
3746 37
3747 4
3748 104
3749 1
3750 53
3751 130
3752 26
3753 1
3754 5
3755 40
3756 94
3757 23
3758 1
3759 58
3760 32
3761 1
3762 53
3763 82
3764 8
3765 7
3766 41
3767 34
3768 6
3769 17
3770 1
3771 28
3772 14
3773 1
3774 1
3775 8
3776 26
3777 5
3778 31
3779 2
3780 2
3781 7
3782 107
3783 26
3784 12
3785 13
3786 1
3787 82
3788 4
3789 19
3790 47
3791 2
3792 56
3793 31
3794 1
3795 2
3796 4
3797 69
3798 5
3799 34
3800 34
3801 1
3802 97
3803 2
3804 16
3805 31
3806 35
3807 4
3808 4
3809 7
3810 1
3811 58
3812 48
3813 5
3814 5
3815 4
3816 36
3817 19
3818 5
3819 6
3820 24
3821 1
3822 13
3823 4
3824 2
3825 11
3826 5
3827 4
3828 62
3829 35
3830 5
3831 16
3832 294
3833 205
3834 1
3835 4
3836 2
3837 17
3838 11
3839 14
3840 2
3841 19
3842 31
3843 2
3844 44
3845 1
3846 19
3847 148
3848 10
3849 3
3850 87
3851 2
3852 74
3853 33
3854 21
3855 12
3856 12
3857 5
3858 1
3859 34
3860 116
3861 3
3862 23
3863 2
3864 4
3865 11
3866 61
3867 350
3868 4
3869 11
3870 3
3871 44
3872 6
3873 37
3874 93
3875 50
3876 24
3877 41
3878 1
3879 2
3880 26
3881 5
3882 25
3883 8
3884 56
3885 15
3886 5
3887 16
3888 38
3889 65
3890 161
3891 10
3892 32
3893 5
3894 1
3895 24
3896 4
3897 5
3898 41
3899 4
3900 6
3901 31
3902 41
3903 8
3904 22
3905 17
3906 49
3907 34
3908 4
3909 9
3910 35
3911 2
3912 20
3913 7
3914 1
3915 24
3916 26
3917 5
3918 11
3919 74
3920 4
3921 113
3922 13
3923 26
3924 8
3925 7
3926 1
3927 4
3928 46
3929 5
3930 9
3931 4
3932 32
3933 9
3934 31
3935 8
3936 6
3937 81
3938 1
3939 2
3940 14
3941 1
3942 13
3943 14
3944 20
3945 9
3946 11
3947 10
3948 6
3949 7
3950 1
3951 16
3952 244
3953 1
3954 5
3955 10
3956 20
3957 5
3958 119
3959 2
3960 16
3961 25
3962 11
3963 6
3964 50
3965 33
3966 1
3967 24
3968 2
3969 7
3970 5
3971 8
3972 14
3973 11
3974 1
3975 2
3976 94
3977 45
3978 227
3979 26
3980 4
3981 3
3982 31
3983 118
3984 14
3985 49
3986 43
3987 74
3988 4
3989 5
3990 5
3991 8
3992 16
3993 17
3994 5
3995 12
3996 8
3997 169
3998 13
3999 8
4000 246
4001 21
4002 21
4003 88
4004 2
4005 3
4006 13
4007 50
4008 2
4009 19
4010 13
4011 62
4012 22
4013 5
4014 69
4015 4
4016 16
4017 5
4018 35
4019 2
4020 52
4021 17
4022 17
4023 8
4024 4
4025 7
4026 1
4027 22
4028 8
4029 3
4030 69
4031 10
4032 156
4033 37
4034 1
4035 30
4036 56
4037 61
4038 11
4039 4
4040 8
4041 7
4042 69
4043 2
4044 2
4045 55
4046 1
4047 4
4048 4
4049 89
4050 81
4051 236
4052 6
4053 27
4054 57
4055 2
4056 58
4057 19
4058 1
4059 94
4060 4
4061 1
4062 21
4063 130
4064 10
4065 5
4066 5
4067 10
4068 16
4069 7
4070 23
4071 8
4072 52
4073 1
4074 61
4075 76
4076 20
4077 53
4078 5
4079 8
4080 20
4081 11
4082 17
4083 6
4084 14
4085 1
4086 5
4087 88
4088 128
4089 1
4090 13
4091 14
4092 6
4093 7
4094 21
4095 630
4096 316
4097 19
4098 9
4099 32
4100 4
4101 57
4102 13
4103 10
4104 4
4105 71
4106 11
4107 48
4108 22
4109 1
4110 1
4111 4
4112 26
4113 115
4114 25
4115 2
4116 4
4117 85
4118 1
4119 14
4120 22
4121 1
4122 181
4123 10
4124 44
4125 13
4126 35
4127 132
4128 8
4129 7
4130 13
4131 2
4132 58
4133 17
4134 1
4135 32
4136 4
4137 145
4138 125
4139 8
4140 30
4141 169
4142 91
4143 6
4144 48
4145 1
4146 1
4147 84
4148 2
4149 17
4150 13
4151 8
4152 174
4153 35
4154 5
4155 2
4156 22
4157 5
4158 27
4159 14
4160 160
4161 35
4162 93
4163 4
4164 2
4165 7
4166 51
4167 4
4168 86
4169 13
4170 13
4171 26
4172 6
4173 7
4174 83
4175 14
4176 18
4177 19
4178 11
4179 10
4180 12
4181 1
4182 17
4183 4
4184 4
4185 23
4186 13
4187 10
4188 6
4189 139
4190 21
4191 4
4192 136
4193 1
4194 3
4195 4
4196 68
4197 53
4198 11
4199 4
4200 68
4201 7
4202 21
4203 30
4204 4
4205 5
4206 5
4207 172
4208 4
4209 3
4210 23
4211 2
4212 50
4213 7
4214 1
4215 2
4216 42
4217 355
4218 13
4219 34
4220 8
4221 1
4222 13
4223 2
4224 26
4225 33
4226 5
4227 44
4228 4
4229 7
4230 5
4231 188
4232 6
4233 1
4234 7
4235 46
4236 16
4237 115
4238 9
4239 8
4240 148
4241 17
4242 11
4243 38
4244 6
4245 9
4246 13
4247 10
4248 6
4249 73
4250 5
4251 4
4252 98
4253 5
4254 37
4255 4
4256 2
4257 19
4258 23
4259 26
4260 2
4261 7
4262 447
4263 2
4264 4
4265 7
4266 17
4267 34
4268 4
4269 1
4270 267
4271 2
4272 36
4273 77
4274 5
4275 8
4276 4
4277 19
4278 11
4279 10
4280 8
4281 1
4282 49
4283 4
4284 70
4285 85
4286 1
4287 20
4288 72
4289 5
4290 13
4291 4
4292 56
4293 27
4294 47
4295 24
4296 14
4297 23
4298 1
4299 2
4300 14
4301 5
4302 17
4303 114
4304 8
4305 23
4306 31
4307 10
4308 16
4309 61
4310 17
4311 2
4312 32
4313 1
4314 3
4315 58
4316 26
4317 49
4318 5
4319 4
4320 2
4321 31
4322 271
4323 2
4324 38
4325 23
4326 11
4327 64
4328 4
4329 9
4330 5
4331 2
4332 6
4333 13
4334 1
4335 20
4336 24
4337 7
4338 1
4339 14
4340 70
4341 19
4342 97
4343 176
4344 2
4345 7
4346 1
4347 20
4348 34
4349 1
4350 41
4351 12
4352 6
4353 3
4354 5
4355 130
4356 24
4357 41
4358 5
4359 6
4360 152
4361 147
4362 11
4363 4
4364 140
4365 1
4366 71
4367 4
4368 2
4369 27
4370 1
4371 58
4372 58
4373 1
4374 183
4375 10
4376 2
4377 35
4378 75
4379 4
4380 24
4381 113
4382 37
4383 4
4384 26
4385 9
4386 27
4387 152
4388 4
4389 3
4390 5
4391 2
4392 50
4393 19
4394 23
4395 4
4396 12
4397 5
4398 9
4399 14
4400 6
4401 1
4402 13
4403 2
4404 8
4405 71
4406 5
4407 80
4408 4
4409 1
4410 1
4411 34
4412 38
4413 191
4414 139
4415 10
4416 26
4417 97
4418 1
4419 2
4420 26
4421 5
4422 31
4423 8
4424 2
4425 5
4426 13
4427 44
4428 20
4429 19
4430 1
4431 6
4432 32
4433 1
4434 17
4435 4
4436 4
4437 27
4438 13
4439 94
4440 4
4441 59
4442 73
4443 2
4444 4
4445 7
4446 3
4447 64
4448 206
4449 7
4450 53
4451 10
4452 56
4453 17
4454 21
4455 58
4456 82
4457 5
4458 131
4459 12
4460 34
4461 1
4462 185
4463 14
4464 18
4465 49
4466 1
4467 4
4468 168
4469 5
4470 3
4471 38
4472 16
4473 5
4474 31
4475 2
4476 16
4477 35
4478 59
4479 34
4480 14
4481 1
4482 13
4483 48
4484 8
4485 1
4486 17
4487 8
4488 8
4489 71
4490 5
4491 10
4492 14
4493 31
4494 17
4495 68
4496 14
4497 245
4498 5
4499 2
4500 4
4501 7
4502 145
4503 2
4504 224
4505 1
4506 3
4507 124
4508 272
4509 5
4510 55
4511 26
4512 12
4513 37
4514 1
4515 12
4516 4
4517 39
4518 9
4519 14
4520 10
4521 3
4522 55
4523 10
4524 2
4525 65
4526 5
4527 16
4528 4
4529 1
4530 101
4531 34
4532 74
4533 3
4534 5
4535 8
4536 46
4537 85
4538 11
4539 16
4540 20
4541 13
4542 17
4543 44
4544 6
4545 5
4546 131
4547 34
4548 4
4549 131
4550 5
4551 2
4552 14
4553 5
4554 3
4555 4
4556 6
4557 5
4558 57
4559 4
4560 16
4561 7
4562 35
4563 2
4564 22
4565 209
4566 3
4567 150
4568 8
4569 255
4570 31
4571 20
4572 34
4573 13
4574 5
4575 2
4576 40
4577 13
4578 7
4579 140
4580 2
4581 39
4582 59
4583 26
4584 6
4585 7
4586 1
4587 8
4588 80
4589 7
4590 1
4591 46
4592 14
4593 3
4594 17
4595 40
4596 6
4597 19
4598 11
4599 2
4600 4
4601 1
4602 17
4603 244
4604 4
4605 161
4606 13
4607 74
4608 14
4609 41
4610 1
4611 8
4612 262
4613 1
4614 5
4615 34
4616 8
4617 5
4618 5
4619 2
4620 4
4621 75
4622 19
4623 156
4624 4
4625 7
4626 21
4627 40
4628 2
4629 5
4630 51
4631 10
4632 146
4633 13
4634 41
4635 170
4636 136
4637 35
4638 3
4639 8
4640 8
4641 1
4642 13
4643 16
4644 20
4645 61
4646 1
4647 34
4648 38
4649 7
4650 13
4651 14
4652 6
4653 7
4654 13
4655 2
4656 8
4657 41
4658 11
4659 2
4660 14
4661 1
4662 11
4663 22
4664 4
4665 83
4666 93
4667 4
4668 4
4669 31
4670 1
4671 2
4672 134
4673 5
4674 1
4675 12
4676 8
4677 5
4678 5
4679 14
4680 14
4681 61
4682 11
4683 34
4684 10
4685 1
4686 65
4687 16
4688 4
4689 13
4690 13
4691 4
4692 6
4693 35
4694 29
4695 2
4696 106
4697 5
4698 1
4699 394
4700 50
4701 3
4702 103
4703 8
4704 4
4705 13
4706 13
4707 20
4708 98
4709 1
4710 1
4711 18
4712 56
4713 7
4714 23
4715 10
4716 2
4717 169
4718 1
4719 6
4720 22
4721 29
4722 21
4723 14
4724 4
4725 13
4726 23
4727 168
4728 30
4729 17
4730 5
4731 6
4732 74
4733 1
4734 11
4735 212
4736 4
4737 7
4738 39
4739 2
4740 10
4741 49
4742 33
4743 4
4744 10
4745 1
4746 5
4747 34
4748 2
4749 17
4750 5
4751 80
4752 6
4753 7
4754 81
4755 30
4756 362
4757 19
4758 27
4759 14
4760 20
4761 17
4762 151
4763 8
4764 16
4765 31
4766 1
4767 4
4768 40
4769 1
4770 17
4771 10
4772 14
4773 1
4774 7
4775 2
4776 26
4777 219
4778 5
4779 8
4780 4
4781 17
4782 17
4783 12
4784 8
4785 7
4786 117
4787 8
4788 16
4789 41
4790 25
4791 16
4792 32
4793 1
4794 27
4795 14
4796 6
4797 19
4798 59
4799 34
4800 4
4801 61
4802 191
4803 22
4804 4
4805 5
4806 1
4807 154
4808 4
4809 1
4810 17
4811 34
4812 80
4813 7
4814 1
4815 6
4816 46
4817 35
4818 25
4819 128
4820 68
4821 1
4822 31
4823 4
4824 24
4825 13
4826 21
4827 4
4828 52
4829 5
4830 1
4831 16
4832 16
4833 9
4834 13
4835 4
4836 20
4837 87
4838 1
4839 2
4840 14
4841 5
4842 31
4843 10
4844 2
4845 97
4846 11
4847 50
4848 4
4849 19
4850 35
4851 20
4852 14
4853 27
4854 569
4855 34
4856 4
4857 19
4858 23
4859 226
4860 12
4861 33
4862 11
4863 8
4864 26
4865 5
4866 1
4867 40
4868 26
4869 3
4870 23
4871 2
4872 6
4873 57
4874 1
4875 30
4876 16
4877 5
4878 5
4879 4
4880 10
4881 9
4882 251
4883 2
4884 8
4885 17
4886 129
4887 62
4888 10
4889 113
4890 15
4891 12
4892 26
4893 3
4894 49
4895 2
4896 20
4897 19
4898 11
4899 8
4900 22
4901 1
4902 31
4903 14
4904 70
4905 3
4906 13
4907 176
4908 6
4909 7
4910 29
4911 14
4912 46
4913 13
4914 7
4915 352
4916 2
4917 41
4918 17
4919 2
4920 14
4921 109
4922 13
4923 24
4924 48
4925 1
4926 5
4927 338
4928 2
4929 1
4930 13
4931 8
4932 6
4933 41
4934 5
4935 2
4936 22
4937 11
4938 23
4939 44
4940 92
4941 1
4942 13
4943 2
4944 106
4945 81
4946 11
4947 4
4948 4
4949 7
4950 1
4951 16
4952 32
4953 1
4954 19
4955 34
4956 32
4957 19
4958 5
4959 282
4960 4
4961 1
4962 83
4963 116
4964 34
4965 3
4966 95
4967 4
4968 20
4969 13
4970 1
4971 8
4972 462
4973 37
4974 1
4975 34
4976 6
4977 59
4978 5
4979 20
4980 44
4981 27
4982 11
4983 2
4984 4
4985 7
4986 3
4987 128
4988 4
4989 7
4990 7
4991 4
4992 6
4993 7
4994 5
4995 16
4996 46
4997 13
4998 27
4999 62
5000 26
5001 121
5002 59
5003 2
5004 6
5005 17
5006 55
5007 22
5008 56
5009 35
5010 21
5011 244
5012 52
5013 21
5014 13
5015 26
5016 56
5017 55
5018 1
5019 6
5020 4
5021 7
5022 59
5023 34
5024 6
5025 9
5026 11
5027 16
5028 44
5029 17
5030 5
5031 4
5032 178
5033 1
5034 1
5035 18
5036 8
5037 203
5038 5
5039 2
5040 38
5041 61
5042 31
5043 38
5044 34
5045 1
5046 1
5047 214
5048 20
5049 1
5050 299
5051 2
5052 32
5053 11
5054 13
5055 2
5056 4
5057 65
5058 41
5059 10
5060 6
5061 5
5062 31
5063 70
5064 16
5065 31
5066 1
5067 4
5068 76
5069 1
5070 1
5071 68
5072 6
5073 33
5074 23
5075 2
5076 38
5077 19
5078 5
5079 6
5080 20
5081 1
5082 13
5083 22
5084 62
5085 9
5086 61
5087 74
5088 16
5089 85
5090 1
5091 8
5092 224
5093 5
5094 5
5095 32
5096 2
5097 5
5098 35
5099 62
5100 2
5101 13
5102 81
5103 4
5104 22
5105 5
5106 23
5107 22
5108 74
5109 7
5110 5
5111 2
5112 20
5113 33
5114 11
5115 8
5116 30
5117 373
5118 21
5119 4
5120 48
5121 9
5122 283
5123 2
5124 16
5125 57
5126 1
5127 20
5128 14
5129 1
5130 347
5131 38
5132 6
5133 1
5134 75
5135 2
5136 2
5137 61
5138 47
5139 20
5140 14
5141 133
5142 57
5143 94
5144 2
5145 107
5146 53
5147 80
5148 20
5149 7
5150 1
5151 6
5152 82
5153 17
5154 27
5155 14
5156 2
5157 5
5158 61
5159 8
5160 2
5161 83
5162 23
5163 8
5164 22
5165 1
5166 9
5167 94
5168 8
5169 53
5170 11
5171 2
5172 6
5173 17
5174 29
5175 12
5176 104
5177 289
5178 1
5179 8
5180 6
5181 73
5182 31
5183 14
5184 8
5185 19
5186 71
5187 10
5188 38
5189 7
5190 9
5191 4
5192 34
5193 35
5194 13
5195 2
5196 8
5197 167
5198 13
5199 2
5200 4
5201 5
5202 11
5203 4
5204 8
5205 5
5206 107
5207 4
5208 4
5209 65
5210 11
5211 16
5212 22
5213 1
5214 3
5215 74
5216 8
5217 5
5218 77
5219 92
5220 6
5221 7
5222 145
5223 118
5224 38
5225 5
5226 13
5227 304
5228 4
5229 1
5230 13
5231 2
5232 122
5233 37
5234 7
5235 10
5236 4
5237 7
5238 1
5239 32
5240 20
5241 43
5242 71
5243 2
5244 22
5245 19
5246 5
5247 4
5248 4
5249 1
5250 1
5251 10
5252 38
5253 65
5254 97
5255 20
5256 4
5257 19
5258 11
5259 10
5260 38
5261 7
5262 27
5263 22
5264 2
5265 3
5266 5
5267 162
5268 146
5269 11
5270 37
5271 22
5272 298
5273 5
5274 23
5275 4
5276 6
5277 5
5278 53
5279 2
5280 4
5281 17
5282 241
5283 2
5284 26
5285 73
5286 77
5287 38
5288 8
5289 5
5290 5
5291 4
5292 62
5293 13
5294 1
5295 80
5296 22
5297 39
5298 3
5299 4
5300 2
5301 5
5302 59
5303 2
5304 4
5305 13
5306 1
5307 34
5308 4
5309 71
5310 59
5311 46
5312 38
5313 7
5314 27
5315 2
5316 48
5317 19
5318 5
5319 2
5320 4
5321 5
5322 21
5323 138
5324 48
5325 3
5326 13
5327 4
5328 32
5329 67
5330 5
5331 6
5332 56
5333 1
5334 5
5335 4
5336 6
5337 183
5338 5
5339 4
5340 16
5341 7
5342 11
5343 2
5344 14
5345 1
5346 21
5347 104
5348 4
5349 9
5350 57
5351 26
5352 6
5353 31
5354 1
5355 10
5356 4
5357 85
5358 9
5359 66
5360 112
5361 1
5362 223
5363 44
5364 2
5365 217
5366 1
5367 64
5368 22
5369 7
5370 5
5371 4
5372 68
5373 7
5374 5
5375 4
5376 6
5377 23
5378 13
5379 20
5380 22
5381 11
5382 11
5383 82
5384 106
5385 3
5386 341
5387 32
5388 14
5389 7
5390 5
5391 8
5392 14
5393 169
5394 1
5395 88
5396 38
5397 227
5398 13
5399 2
5400 16
5401 49
5402 11
5403 4
5404 38
5405 7
5406 5
5407 84
5408 6
5409 13
5410 13
5411 8
5412 56
5413 17
5414 131
5415 2
5416 32
5417 19
5418 1
5419 4
5420 6
5421 9
5422 457
5423 2
5424 36
5425 7
5426 1
5427 20
5428 44
5429 1
5430 1
5431 38
5432 56
5433 1
5434 5
5435 26
5436 4
5437 49
5438 17
5439 32
5440 132
5441 1
5442 17
5443 14
5444 4
5445 1
5446 13
5447 10
5448 172
5449 35
5450 13
5451 6
5452 34
5453 5
5454 1
5455 4
5456 8
5457 19
5458 11
5459 4
5460 8
5461 367
5462 23
5463 34
5464 4
5465 17
5466 11
5467 22
5468 8
5469 3
5470 23
5471 34
5472 14
5473 71
5474 1
5475 26
5476 42
5477 75
5478 3
5479 40
5480 38
5481 77
5482 241
5483 10
5484 16
5485 23
5486 1
5487 20
5488 4
5489 1
5490 9
5491 26
5492 16
5493 1
5494 91
5495 16
5496 4
5497 49
5498 5
5499 8
5500 46
5501 1
5502 137
5503 8
5504 16
5505 43
5506 5
5507 10
5508 8
5509 13
5510 5
5511 258
5512 104
5513 1
5514 11
5515 4
5516 22
5517 5
5518 31
5519 26
5520 62
5521 33
5522 9
5523 2
5524 418
5525 115
5526 11
5527 40
5528 4
5529 3
5530 7
5531 44
5532 6
5533 167
5534 1
5535 2
5536 4
5537 7
5538 13
5539 12
5540 8
5541 1
5542 31
5543 2
5544 14
5545 7
5546 1
5547 20
5548 22
5549 7
5550 11
5551 4
5552 6
5553 5
5554 29
5555 24
5556 24
5557 349
5558 7
5559 218
5560 84
5561 9
5562 35
5563 4
5564 20
5565 1
5566 11
5567 34
5568 60
5569 17
5570 11
5571 34
5572 14
5573 11
5574 3
5575 56
5576 4
5577 35
5578 5
5579 2
5580 36
5581 7
5582 59
5583 8
5584 196
5585 1
5586 3
5587 34
5588 8
5589 11
5590 5
5591 4
5592 6
5593 67
5594 5
5595 20
5596 212
5597 5
5598 1
5599 4
5600 8
5601 7
5602 31
5603 14
5604 4
5605 19
5606 1
5607 4
5608 22
5609 5
5610 19
5611 232
5612 20
5613 23
5614 13
5615 34
5616 8
5617 41
5618 11
5619 2
5620 74
5621 7
5622 31
5623 14
5624 8
5625 5
5626 199
5627 10
5628 8
5629 25
5630 1
5631 58
5632 14
5633 13
5634 5
5635 64
5636 2
5637 565
5638 35
5639 2
5640 6
5641 61
5642 71
5643 18
5644 14
5645 95
5646 5
5647 82
5648 26
5649 7
5650 5
5651 170
5652 196
5653 7
5654 11
5655 2
5656 10
5657 125
5658 1
5659 34
5660 4
5661 15
5662 207
5663 32
5664 24
5665 7
5666 5
5667 4
5668 4
5669 35
5670 13
5671 62
5672 6
5673 9
5674 245
5675 2
5676 2
5677 19
5678 29
5679 22
5680 26
5681 13
5682 21
5683 18
5684 2
5685 7
5686 55
5687 102
5688 20
5689 7
5690 5
5691 2
5692 68
5693 7
5694 11
5695 4
5696 2
5697 45
5698 13
5699 2
5700 14
5701 75
5702 37
5703 106
5704 4
5705 7
5706 21
5707 34
5708 44
5709 49
5710 17
5711 2
5712 56
5713 19
5714 5
5715 26
5716 26
5717 13
5718 1
5719 330
5720 240
5721 1
5722 329
5723 118
5724 2
5725 13
5726 33
5727 20
5728 74
5729 5
5730 35
5731 16
5732 6
5733 7
5734 13
5735 74
5736 14
5737 143
5738 11
5739 8
5740 98
5741 1
5742 11
5743 26
5744 2
5745 3
5746 7
5747 22
5748 2
5749 13
5750 41
5751 2
5752 58
5753 5
5754 11
5755 12
5756 46
5757 29
5758 13
5759 2
5760 86
5761 17
5762 27
5763 2
5764 124
5765 5
5766 9
5767 34
5768 4
5769 13
5770 5
5771 246
5772 6
5773 7
5774 1
5775 6
5776 4
5777 5
5778 189
5779 4
5780 34
5781 13
5782 407
5783 10
5784 8
5785 77
5786 5
5787 8
5788 22
5789 1
5790 27
5791 76
5792 236
5793 1
5794 5
5795 4
5796 2
5797 19
5798 13
5799 56
5800 26
5801 17
5802 37
5803 44
5804 26
5805 157
5806 61
5807 20
5808 8
5809 11
5810 1
5811 4
5812 220
5813 425
5814 11
5815 4
5816 8
5817 19
5818 43
5819 14
5820 16
5821 31
5822 101
5823 20
5824 40
5825 13
5826 11
5827 350
5828 8
5829 17
5830 23
5831 10
5832 6
5833 19
5834 5
5835 12
5836 20
5837 7
5838 1
5839 88
5840 2
5841 9
5842 103
5843 48
5844 2
5845 165
5846 5
5847 4
5848 14
5849 1
5850 5
5851 14
5852 16
5853 5
5854 7
5855 38
5856 56
5857 113
5858 1
5859 2
5860 4
5861 13
5862 43
5863 12
5864 6
5865 3
5866 5
5867 10
5868 12
5869 179
5870 5
5871 2
5872 58
5873 17
5874 13
5875 4
5876 176
5877 101
5878 5
5879 10
5880 8
5881 7
5882 71
5883 14
5884 4
5885 5
5886 27
5887 88
5888 4
5889 1
5890 173
5891 2
5892 6
5893 7
5894 1
5895 8
5896 4
5897 229
5898 17
5899 92
5900 8
5901 19
5902 13
5903 2
5904 134
5905 265
5906 1
5907 34
5908 52
5909 13
5910 1
5911 14
5912 108
5913 1
5914 37
5915 2
5916 2
5917 23
5918 89
5919 2
5920 4
5921 21
5922 17
5923 14
5924 38
5925 9
5926 27
5927 4
5928 8
5929 13
5930 11
5931 6
5932 194
5933 1
5934 13
5935 8
5936 20
5937 13
5938 13
5939 8
5940 6
5941 71
5942 11
5943 2
5944 200
5945 17
5946 11
5947 214
5948 2
5949 81
5950 5
5951 2
5952 26
5953 61
5954 1
5955 24
5956 22
5957 13
5958 11
5959 34
5960 26
5961 3
5962 57
5963 2
5964 72
5965 61
5966 1
5967 320
5968 14
5969 1
5970 5
5971 20
5972 6
5973 25
5974 23
5975 178
5976 18
5977 19
5978 5
5979 6
5980 10
5981 23
5982 13
5983 4
5984 4
5985 3
5986 67
5987 8
5988 14
5989 17
5990 1
5991 8
5992 104
5993 1
5994 141
5995 110
5996 4
5997 5
5998 125
5999 8
6000 12
6001 13
6002 17
6003 18
6004 4
6005 1
6006 11
6007 98
6008 6
6009 35
6010 5
6011 10
6012 128
6013 25
6014 5
6015 4
6016 38
6017 19
6018 17
6019 4
6020 8
6021 1
6022 125
6023 26
6024 16
6025 75
6026 11
6027 16
6028 4
6029 13
6030 11
6031 4
6032 94
6033 13
6034 13
6035 2
6036 8
6037 71
6038 11
6039 50
6040 10
6041 175
6042 11
6043 58
6044 32
6045 13
6046 13
6047 34
6048 2
6049 337
6050 11
6051 108
6052 32
6053 1
6054 3
6055 14
6056 2
6057 5
6058 89
6059 2
6060 62
6061 17
6062 29
6063 8
6064 14
6065 5
6066 77
6067 34
6068 16
6069 9
6070 35
6071 2
6072 14
6073 25
6074 1
6075 4
6076 244
6077 169
6078 1
6079 138
6080 4
6081 3
6082 31
6083 6
6084 24
6085 49
6086 29
6087 8
6088 164
6089 31
6090 33
6091 106
6092 6
6093 9
6094 23
6095 26
6096 26
6097 35
6098 1
6099 4
6100 24
6101 1
6102 17
6103 82
6104 30
6105 1
6106 23
6107 40
6108 10
6109 7
6110 23
6111 8
6112 22
6113 1
6114 9
6115 114
6116 6
6117 5
6118 5
6119 2
6120 24
6121 41
6122 41
6123 78
6124 12
6125 1
6126 1
6127 94
6128 50
6129 35
6130 25
6131 2
6132 34
6133 23
6134 1
6135 38
6136 4
6137 15
6138 1
6139 4
6140 2
6141 5
6142 581
6143 4
6144 2
6145 517
6146 5
6147 4
6148 4
6149 29
6150 1
6151 8
6152 14
6153 69
6154 13
6155 4
6156 16
6157 19
6158 55
6159 56
6160 20
6161 1
6162 101
6163 14
6164 4
6165 13
6166 5
6167 4
6168 58
6169 45
6170 53
6171 6
6172 14
6173 1
6174 17
6175 14
6176 4
6177 65
6178 7
6179 20
6180 8
6181 19
6182 13
6183 4
6184 188
6185 17
6186 1
6187 132
6188 4
6189 1
6190 5
6191 40
6192 6
6193 19
6194 71
6195 6
6196 32
6197 39
6198 29
6199 4
6200 2
6201 83
6202 13
6203 4
6204 8
6205 35
6206 1
6207 20
6208 4
6209 7
6210 3
6211 130
6212 50
6213 31
6214 11
6215 68
6216 2
6217 19
6218 1
6219 74
6220 58
6221 5
6222 13
6223 10
6224 4
6225 3
6226 41
6227 20
6228 8
6229 37
6230 29
6231 8
6232 82
6233 71
6234 65
6235 4
6236 4
6237 17
6238 5
6239 34
6240 16
6241 699
6242 13
6243 2
6244 14
6245 1
6246 25
6247 174
6248 4
6249 21
6250 19
6251 38
6252 216
6253 13
6254 5
6255 2
6256 52
6257 5
6258 3
6259 34
6260 4
6261 11
6262 23
6263 2
6264 22
6265 97
6266 21
6267 50
6268 82
6269 1
6270 5
6271 64
6272 136
6273 1
6274 53
6275 26
6276 4
6277 97
6278 31
6279 8
6280 86
6281 17
6282 17
6283 14
6284 4
6285 9
6286 151
6287 8
6288 8
6289 17
6290 5
6291 6
6292 14
6293 17
6294 1
6295 20
6296 84
6297 49
6298 211
6299 10
6300 2
6301 17
6302 11
6303 218
6304 10
6305 1
6306 1
6307 34
6308 106
6309 1
6310 149
6311 16
6312 128
6313 35
6314 17
6315 8
6316 16
6317 47
6318 1
6319 14
6320 32
6321 5
6322 67
6323 2
6324 58
6325 13
6326 1
6327 4
6328 4
6329 1
6330 13
6331 124
6332 56
6333 5
6334 23
6335 2
6336 14
6337 61
6338 17
6339 20
6340 12
6341 13
6342 31
6343 4
6344 2
6345 25
6346 5
6347 4
6348 4
6349 37
6350 11
6351 6
6352 68
6353 7
6354 5
6355 34
6356 4
6357 5
6358 31
6359 50
6360 10
6361 7
6362 11
6363 44
6364 4
6365 13
6366 23
6367 52
6368 8
6369 1
6370 55
6371 2
6372 6
6373 33
6374 81
6375 24
6376 362
6377 5
6378 1
6379 4
6380 8
6381 1
6382 59
6383 8
6384 8
6385 73
6386 51
6387 176
6388 4
6389 5
6390 1
6391 4
6392 6
6393 99
6394 171
6395 2
6396 22
6397 19
6398 5
6399 6
6400 82
6401 41
6402 31
6403 32
6404 2
6405 5
6406 29
6407 44
6408 20
6409 25
6410 1
6411 2
6412 152
6413 37
6414 1
6415 80
6416 20
6417 131
6418 13
6419 4
6420 24
6421 7
6422 33
6423 4
6424 4
6425 13
6426 9
6427 34
6428 32
6429 17
6430 155
6431 4
6432 34
6433 13
6434 11
6435 32
6436 26
6437 11
6438 9
6439 16
6440 12
6441 9
6442 13
6443 14
6444 2
6445 17
6446 11
6447 4
6448 26
6449 1
6450 107
6451 68
6452 62
6453 1
6454 235
6455 2
6456 14
6457 265
6458 1
6459 2
6460 44
6461 1
6462 47
6463 34
6464 8
6465 15
6466 11
6467 40
6468 20
6469 13
6470 1
6471 20
6472 14
6473 7
6474 5
6475 8
6476 2
6477 5
6478 41
6479 2
6480 16
6481 19
6482 65
6483 2
6484 62
6485 197
6486 3
6487 34
6488 94
6489 1
6490 5
6491 2
6492 34
6493 369
6494 13
6495 16
6496 38
6497 65
6498 11
6499 26
6500 2
6501 3
6502 107
6503 14
6504 6
6505 7
6506 47
6507 34
6508 10
6509 143
6510 59
6511 12
6512 52
6513 9
6514 31
6515 10
6516 2
6517 41
6518 1
6519 34
6520 80
6521 1
6522 11
6523 4
6524 8
6525 37
6526 31
6527 40
6528 4
6529 7
6530 21
6531 6
6532 118
6533 17
6534 9
6535 4
6536 36
6537 7
6538 11
6539 114
6540 56
6541 89
6542 11
6543 8
6544 4
6545 39
6546 3
6547 160
6548 8
6549 37
6550 85
6551 2
6552 6
6553 823
6554 1
6555 16
6556 62
6557 45
6558 27
6559 4
6560 40
6561 13
6562 41
6563 2
6564 10
6565 29
6566 17
6567 20
6568 54
6569 5
6570 11
6571 180
6572 14
6573 1
6574 31
6575 2
6576 16
6577 19
6578 13
6579 2
6580 22
6581 1
6582 11
6583 224
6584 56
6585 5
6586 5
6587 362
6588 6
6589 17
6590 9
6591 2
6592 32
6593 1
6594 17
6595 4
6596 8
6597 195
6598 13
6599 4
6600 24
6601 85
6602 25
6603 14
6604 212
6605 45
6606 81
6607 84
6608 4
6609 3
6610 175
6611 14
6612 14
6613 17
6614 1
6615 12
6616 70
6617 5
6618 237
6619 20
6620 2
6621 61
6622 13
6623 4
6624 2
6625 201
6626 31
6627 154
6628 10
6629 7
6630 17
6631 40
6632 26
6633 3
6634 13
6635 14
6636 16
6637 37
6638 63
6639 30
6640 44
6641 5
6642 49
6643 32
6644 20
6645 1
6646 75
6647 4
6648 6
6649 313
6650 11
6651 16
6652 14
6653 5
6654 3
6655 80
6656 2
6657 5
6658 23
6659 4
6660 14
6661 7
6662 261
6663 2
6664 22
6665 1
6666 69
6667 284
6668 8
6669 1
6670 5
6671 4
6672 146
6673 11
6674 5
6675 88
6676 4
6677 13
6678 39
6679 92
6680 76
6681 17
6682 49
6683 326
6684 6
6685 13
6686 11
6687 10
6688 70
6689 7
6690 5
6691 8
6692 6
6693 25
6694 5
6695 26
6696 4
6697 41
6698 1
6699 6
6700 20
6701 5
6702 17
6703 88
6704 14
6705 1
6706 23
6707 4
6708 8
6709 59
6710 5
6711 48
6712 22
6713 17
6714 29
6715 22
6716 26
6717 69
6718 7
6719 98
6720 8
6721 25
6722 61
6723 116
6724 4
6725 1
6726 5
6727 158
6728 2
6729 17
6730 95
6731 2
6732 6
6733 7
6734 1
6735 8
6736 24
6737 79
6738 1
6739 4
6740 128
6741 15
6742 139
6743 2
6744 26
6745 7
6746 5
6747 4
6748 22
6749 17
6750 5
6751 32
6752 382
6753 9
6754 75
6755 10
6756 2
6757 169
6758 5
6759 4
6760 4
6761 1
6762 27
6763 14
6764 4
6765 11
6766 13
6767 4
6768 2
6769 193
6770 13
6771 4
6772 242
6773 41
6774 11
6775 4
6776 22
6777 5
6778 13
6779 40
6780 24
6781 37
6782 11
6783 2
6784 52
6785 233
6786 19
6787 82
6788 2
6789 9
6790 11
6791 14
6792 118
6793 17
6794 37
6795 6
6796 14
6797 5
6798 3
6799 8
6800 26
6801 13
6802 13
6803 4
6804 48
6805 43
6806 1
6807 20
6808 116
6809 1
6810 81
6811 14
6812 42
6813 1
6814 41
6815 10
6816 8
6817 45
6818 13
6819 14
6820 4
6821 5
6822 11
6823 10
6824 2
6825 71
6826 93
6827 316
6828 16
6829 49
6830 5
6831 10
6832 54
6833 5
6834 67
6835 160
6836 22
6837 7
6838 23
6839 2
6840 2
6841 7
6842 107
6843 2
6844 46
6845 1
6846 3
6847 40
6848 2
6849 65
6850 13
6851 8
6852 6
6853 7
6854 1
6855 2
6856 14
6857 39
6858 139
6859 34
6860 2
6861 1
6862 237
6863 40
6864 2
6865 97
6866 13
6867 34
6868 214
6869 25
6870 289
6871 10
6872 16
6873 241
6874 5
6875 10
6876 20
6877 41
6878 1
6879 2
6880 34
6881 1
6882 11
6883 64
6884 72
6885 5
6886 5
6887 34
6888 8
6889 11
6890 5
6891 14
6892 34
6893 17
6894 9
6895 10
6896 6
6897 125
6898 803
6899 2
6900 14
6901 31
6902 169
6903 2
6904 4
6905 5
6906 13
6907 88
6908 50
6909 9
6910 23
6911 74
6912 50
6913 13
6914 1
6915 2
6916 32
6917 13
6918 11
6919 14
6920 4
6921 75
6922 59
6923 4
6924 4
6925 87
6926 5
6927 34
6928 34
6929 1
6930 5
6931 4
6932 14
6933 19
6934 215
6935 82
6936 2
6937 49
6938 1
6939 2
6940 26
6941 1
6942 11
6943 12
6944 52
6945 5
6946 37
6947 140
6948 16
6949 115
6950 1
6951 2
6952 56
6953 1
6954 9
6955 4
6956 4
6957 83
6958 5
6959 20
6960 4
6961 625
6962 11
6963 10
6964 34
6965 1
6966 1
6967 34
6968 82
6969 5
6970 11
6971 26
6972 6
6973 7
6974 71
6975 16
6976 10
6977 13
6978 11
6979 32
6980 8
6981 13
6982 141
6983 2
6984 16
6985 37
6986 35
6987 80
6988 42
6989 5
6990 719
6991 14
6992 6
6993 17
6994 13
6995 8
6996 44
6997 23
6998 1
6999 2
7000 14
7001 25
7002 11
7003 44
7004 2
7005 1
7006 13
7007 4
7008 4
7009 7
7010 23
7011 20
7012 400
7013 7
7014 3
7015 8
7016 2
7017 35
7018 5
7019 4
7020 22
7021 633
7022 11
7023 4
7024 90
7025 1
7026 17
7027 44
7028 2
7029 7
7030 73
7031 20
7032 56
7033 17
7034 5
7035 10
7036 4
7037 7
7038 37
7039 46
7040 2
7041 3
7042 97
7043 2
7044 58
7045 245
7046 11
7047 4
7048 94
7049 5
7050 5
7051 12
7052 286
7053 1
7054 5
7055 72
7056 4
7057 19
7058 5
7059 44
7060 30
7061 5
7062 55
7063 88
7064 8
7065 9
7066 299
7067 244
7068 8
7069 7
7070 5
7071 2
7072 104
7073 35
7074 9
7075 44
7076 2
7077 19
7078 57
7079 2
7080 24
7081 33
7082 73
7083 48
7084 4
7085 5
7086 1
7087 128
7088 2
7089 17
7090 13
7091 4
7092 6
7093 19
7094 5
7095 94
7096 34
7097 35
7098 3
7099 40
7100 12
7101 9
7102 13
7103 2
7104 16
7105 17
7106 17
7107 4
7108 14
7109 31
7110 1
7111 54
7112 20
7113 7
7114 125
7115 26
7116 80
7117 419
7118 5
7119 16
7120 14
7121 1
7122 119
7123 8
7124 4
7125 5
7126 21
7127 4
7128 6
7129 87
7130 13
7131 8
7132 32
7133 7
7134 9
7135 14
7136 8
7137 27
7138 13
7139 10
7140 6
7141 19
7142 85
7143 102
7144 58
7145 37
7146 9
7147 214
7148 20
7149 9
7150 35
7151 2
7152 6
7153 49
7154 11
7155 12
7156 26
7157 75
7158 9
7159 80
7160 8
7161 31
7162 47
7163 26
7164 560
7165 67
7166 5
7167 20
7168 16
7169 77
7170 1
7171 284
7172 114
7173 3
7174 5
7175 526
7176 20
7177 97
7178 9
7179 4
7180 4
7181 5
7182 101
7183 4
7184 4
7185 9
7186 17
7187 14
7188 4
7189 7
7190 17
7191 20
7192 104
7193 1
7194 1
7195 152
7196 6
7197 5
7198 5
7199 38
7200 4
7201 13
7202 31
7203 6
7204 22
7205 1
7206 53
7207 64
7208 6
7209 1
7210 41
7211 2
7212 38
7213 81
7214 11
7215 10
7216 52
7217 5
7218 3
7219 4
7220 8
7221 59
7222 31
7223 2
7224 172
7225 13
7226 11
7227 24
7228 26
7229 7
7230 1
7231 8
7232 14
7233 35
7234 119
7235 10
7236 38
7237 61
7238 13
7239 6
7240 42
7241 5
7242 11
7243 34
7244 2
7245 355
7246 5
7247 48
7248 408
7249 13
7250 11
7251 6
7252 14
7253 17
7254 5
7255 32
7256 44
7257 5
7258 157
7259 2
7260 14
7261 17
7262 23
7263 154
7264 14
7265 243
7266 1
7267 264
7268 8
7269 69
7270 13
7271 2
7272 6
7273 43
7274 1
7275 2
7276 102
7277 115
7278 1
7279 14
7280 2
7281 9
7282 49
7283 8
7284 20
7285 7
7286 25
7287 74
7288 526
7289 5
7290 9
7291 16
7292 16
7293 5
7294 11
7295 10
7296 12
7297 77
7298 13
7299 8
7300 76
7301 7
7302 113
7303 30
7304 8
7305 15
7306 21
7307 40
7308 8
7309 13
7310 1
7311 218
7312 134
7313 1
7314 1
7315 4
7316 8
7317 5
7318 185
7319 2
7320 4
7321 17
7322 31
7323 72
7324 148
7325 53
7326 1
7327 34
7328 2
7329 7
7330 49
7331 244
7332 14
7333 7
7334 1
7335 8
7336 92
7337 7
7338 27
7339 116
7340 16
7341 3
7342 125
7343 4
7344 46
7345 13
7346 5
7347 4
7348 26
7349 1
7350 131
7351 34
7352 56
7353 41
7354 5
7355 8
7356 4
7357 415
7358 1
7359 8
7360 14
7361 1
7362 127
7363 10
7364 26
7365 3
7366 7
7367 40
7368 4
7369 19
7370 1
7371 32
7372 14
7373 1
7374 99
7375 22
7376 8
7377 19
7378 5
7379 2
7380 6
7381 425
7382 31
7383 6
7384 18
7385 1
7386 23
7387 34
7388 8
7389 3
7390 25
7391 2
7392 6
7393 55
7394 11
7395 146
7396 16
7397 19
7398 1
7399 4
7400 12
7401 13
7402 107
7403 70
7404 16
7405 13
7406 1
7407 4
7408 22
7409 117
7410 1
7411 32
7412 38
7413 1
7414 5
7415 2
7416 58
7417 95
7418 11
7419 38
7420 318
7421 1
7422 17
7423 24
7424 20
7425 1
7426 5
7427 82
7428 4
7429 227
7430 47
7431 26
7432 14
7433 1
7434 1
7435 4
7436 4
7437 89
7438 91
7439 2
7440 8
7441 133
7442 81
7443 2
7444 26
7445 1
7446 13
7447 304
7448 16
7449 5
7450 5
7451 14
7452 38
7453 7
7454 11
7455 104
7456 92
7457 49
7458 9
7459 4
7460 10
7461 1
7462 23
7463 14
7464 4
7465 131
7466 29
7467 20
7468 14
7469 1
7470 13
7471 34
7472 74
7473 1
7474 507
7475 130
7476 8
7477 49
7478 1
7479 16
7480 4
7481 5
7482 107
7483 12
7484 8
7485 23
7486 125
7487 8
7488 50
7489 25
7490 73
7491 2
7492 238
7493 5
7494 53
7495 14
7496 14
7497 5
7498 29
7499 10
7500 296
7501 7
7502 11
7503 10
7504 4
7505 7
7506 1
7507 356
7508 8
7509 5
7510 11
7511 4
7512 170
7513 7
7514 77
7515 2
7516 4
7517 83
7518 5
7519 10
7520 26
7521 43
7522 103
7523 8
7524 6
7525 19
7526 1
7527 4
7528 38
7529 7
7530 1
7531 16
7532 14
7533 99
7534 5
7535 8
7536 48
7537 57
7538 1
7539 8
7540 58
7541 1
7542 65
7543 14
7544 8
7545 1
7546 129
7547 4
7548 20
7549 17
7550 1
7551 4
7552 58
7553 1
7554 11
7555 128
7556 170
7557 5
7558 5
7559 22
7560 56
7561 9
7562 49
7563 16
7564 22
7565 1
7566 27
7567 34
7568 2
7569 1
7570 61
7571 4
7572 62
7573 67
7574 1
7575 22
7576 4
7577 215
7578 5
7579 34
7580 2
7581 49
7582 231
7583 4
7584 14
7585 19
7586 1
7587 8
7588 4
7589 31
7590 23
7591 642
7592 6
7593 1
7594 13
7595 12
7596 72
7597 169
7598 29
7599 6
7600 10
7601 25
7602 11
7603 34
7604 4
7605 35
7606 37
7607 34
7608 4
7609 107
7610 37
7611 8
7612 104
7613 1
7614 29
7615 4
7616 14
7617 49
7618 11
7619 14
7620 40
7621 17
7622 13
7623 16
7624 104
7625 61
7626 23
7627 150
7628 236
7629 1
7630 5
7631 2
7632 140
7633 41
7634 1
7635 6
7636 12
7637 35
7638 3
7639 14
7640 26
7641 83
7642 13
7643 2
7644 24
7645 17
7646 11
7647 80
7648 4
7649 1
7650 13
7651 10
7652 76
7653 3
7654 47
7655 56
7656 4
7657 49
7658 21
7659 2
7660 4
7661 33
7662 11
7663 34
7664 2
7665 1
7666 13
7667 4
7668 30
7669 37
7670 9
7671 10
7672 520
7673 5
7674 1
7675 158
7676 26
7677 19
7678 5
7679 2
7680 4
7681 17
7682 41
7683 56
7684 32
7685 7
7686 1
7687 280
7688 2
7689 23
7690 37
7691 2
7692 56
7693 41
7694 13
7695 2
7696 32
7697 5
7698 17
7699 22
7700 2
7701 33
7702 119
7703 206
7704 58
7705 13
7706 1
7707 4
7708 78
7709 7
7710 11
7711 34
7712 22
7713 1
7714 25
7715 4
7716 38
7717 91
7718 11
7719 6
7720 4
7721 1
7722 21
7723 62
7724 8
7725 25
7726 57
7727 136
7728 56
7729 139
7730 1
7731 14
7732 14
7733 19
7734 27
7735 14
7736 2
7737 7
7738 77
7739 44
7740 38
7741 139
7742 61
7743 32
7744 26
7745 5
7746 3
7747 40
7748 2
7749 7
7750 13
7751 4
7752 14
7753 17
7754 13
7755 2
7756 4
7757 19
7758 5
7759 68
7760 22
7761 17
7762 53
7763 2
7764 6
7765 41
7766 9
7767 20
7768 4
7769 7
7770 5
7771 52
7772 36
7773 9
7774 53
7775 10
7776 72
7777 169
7778 35
7779 6
7780 516
7781 5
7782 31
7783 4
7784 8
7785 5
7786 13
7787 80
7788 14
7789 111
7790 1
7791 14
7792 14
7793 121
7794 23
7795 10
7796 20
7797 5
7798 7
7799 4
7800 6
7801 17
7802 101
7803 2
7804 52
7805 17
7806 53
7807 22
7808 50
7809 57
7810 151
7811 20
7812 6
7813 49
7814 1
7815 60
7816 46
7817 19
7818 9
7819 34
7820 2
7821 9
7822 59
7823 2
7824 2
7825 35
7826 13
7827 168
7828 52
7829 5
7830 1
7831 14
7832 656
7833 1
7834 11
7835 2
7836 16
7837 139
7838 81
7839 18
7840 4
7841 1
7842 21
7843 56
7844 6
7845 35
7846 5
7847 98
7848 4
7849 13
7850 5
7851 8
7852 52
7853 13
7854 715
7855 22
7856 4
7857 35
7858 55
7859 52
7860 16
7861 11
7862 101
7863 6
7864 24
7865 1
7866 3
7867 40
7868 2
7869 1
7870 31
7871 40
7872 14
7873 19
7874 1
7875 20
7876 44
7877 35
7878 23
7879 58
7880 4
7881 17
7882 31
7883 2
7884 14
7885 33
7886 1
7887 100
7888 62
7889 13
7890 11
7891 4
7892 344
7893 1
7894 31
7895 2
7896 36
7897 151
7898 1
7899 100
7900 32
7901 1
7902 81
7903 14
7904 64
7905 15
7906 127
7907 10
7908 2
7909 7
7910 41
7911 2
7912 46
7913 79
7914 5
7915 12
7916 20
7917 5
7918 29
7919 50
7920 412
7921 7
7922 11
7923 20
7924 10
7925 23
7926 5
7927 364
7928 16
7929 1
7930 23
7931 16
7932 14
7933 87
7934 5
7935 4
7936 130
7937 75
7938 3
7939 26
7940 4
7941 9
7942 107
7943 2
7944 6
7945 25
7946 11
7947 64
7948 26
7949 5
7950 3
7951 216
7952 16
7953 1
7954 5
7955 14
7956 6
7957 19
7958 5
7959 2
7960 52
7961 1
7962 131
7963 4
7964 26
7965 17
7966 41
7967 4
7968 6
7969 107
7970 5
7971 4
7972 14
7973 21
7974 11
7975 82
7976 32
7977 117
7978 13
7979 2
7980 12
7981 61
7982 41
7983 38
7984 10
7985 1
7986 3
7987 78
7988 6
7989 7
7990 23
7991 4
7992 14
7993 33
7994 5
7995 2
7996 122
7997 95
7998 11
7999 4
8000 2
8001 9
8002 103
8003 2
8004 44
8005 31
8006 5
8007 4
8008 40
8009 7
8010 223
8011 126
8012 92
8013 113
8014 93
8015 62
8016 2
8017 49
8018 33
8019 10
8020 82
8021 5
8022 11
8023 12
8024 10
8025 9
8026 5
8027 74
8028 6
8029 19
8030 11
8031 2
8032 426
8033 1
8034 1
8035 14
8036 14
8037 17
8038 53
8039 8
8040 14
8041 7
8042 21
8043 2
8044 34
8045 5
8046 43
8047 94
8048 2
8049 7
8050 17
8051 2
8052 26
8053 77
8054 17
8055 30
8056 70
8057 19
8058 5
8059 50
8060 20
8061 5
8062 73
8063 2
8064 36
8065 31
8066 251
8067 20
8068 34
8069 1
8070 5
8071 16
8072 16
8073 71
8074 47
8075 68
8076 6
8077 23
8078 21
8079 64
8080 4
8081 5
8082 31
8083 34
8084 62
8085 11
8086 11
8087 8
8088 16
8089 13
8090 37
8091 58
8092 58
8093 1
8094 1
8095 380
8096 4
8097 35
8098 5
8099 8
8100 128
8101 37
8102 33
8103 8
8104 218
8105 225
8106 13
8107 44
8108 2
8109 147
8110 5
8111 2
8112 46
8113 99
8114 1
8115 2
8116 14
8117 35
8118 105
8119 10
8120 16
8121 13
8122 61
8123 82
8124 8
8125 7
8126 1
8127 16
8128 388
8129 11
8130 17
8131 74
8132 6
8133 3
8134 103
8135 10
8136 2
8137 383
8138 83
8139 62
8140 32
8141 7
8142 17
8143 44
8144 26
8145 45
8146 5
8147 10
8148 46
8149 27
8150 1
8151 62
8152 14
8153 5
8154 5
8155 10
8156 4
8157 71
8158 139
8159 2
8160 8
8161 31
8162 11
8163 4
8164 4
8165 5
8166 1
8167 52
8168 38
8169 1
8170 13
8171 10
8172 14
8173 19
8174 1
8175 4
8176 38
8177 13
8178 5
8179 128
8180 8
8181 1
8182 13
8183 4
8184 6
8185 37
8186 5
8187 26
8188 14
8189 7
8190 1
8191 1180
8192 586
8193 23
8194 19
8195 4
8196 52
8197 49
8198 5
8199 34
8200 116
8201 5
8202 181
8203 8
8204 6
8205 3
8206 21
8207 48
8208 8
8209 43
8210 1
8211 4
8212 196
8213 1
8214 11
8215 4
8216 8
8217 19
8218 5
8219 8
8220 84
8221 77
8222 59
8223 2
8224 4
8225 5
8226 1
8227 40
8228 152
8229 103
8230 55
8231 4
8232 62
8233 31
8234 11
8235 100
8236 40
8237 7
8238 1
8239 20
8240 2
8241 5
8242 149
8243 2
8244 4
8245 17
8246 1
8247 4
8248 56
8249 5
8250 11
8251 4
8252 26
8253 27
8254 13
8255 26
8256 788
8257 35
8258 5
8259 2
8260 4
8261 323
8262 27
8263 26
8264 2
8265 33
8266 23
8267 4
8268 8
8269 19
8270 43
8271 26
8272 194
8273 1
8274 57
8275 30
8276 4
8277 95
8278 5
8279 16
8280 6
8281 7
8282 21
8283 2
8284 38
8285 17
8286 1
8287 304
8288 12
8289 13
8290 5
8291 50
8292 34
8293 137
8294 107
8295 14
8296 22
8297 5
8298 9
8299 14
8300 6
8301 1
8302 103
8303 2
8304 36
8305 213
8306 11
8307 4
8308 14
8309 1
8310 13
8311 8
8312 60
8313 9
8314 95
8315 10
8316 8
8317 19
8318 37
8319 16
8320 32
8321 71
8322 11
8323 34
8324 4
8325 1
8326 299
8327 46
8328 6
8329 31
8330 5
8331 8
8332 178
8333 17
8334 9
8335 4
8336 8
8337 35
8338 255
8339 4
8340 20
8341 13
8342 17
8343 114
8344 4
8345 5
8346 1
8347 150
8348 10
8349 3
8350 13
8351 2
8352 406
8353 37
8354 189
8355 8
8356 18
8357 13
8358 35
8359 4
8360 140
8361 9
8362 55
8363 10
8364 24
8365 61
8366 21
8367 4
8368 14
8369 33
8370 3
8371 136
8372 56
8373 1
8374 11
8375 14
8376 4
8377 19
8378 17
8379 2
8380 114
8381 1
8382 17
8383 20
8384 20
8385 37
8386 5
8387 290
8388 20
8389 71
8390 11
8391 8
8392 52
8393 1
8394 9
8395 34
8396 8
8397 5
8398 13
8399 10
8400 6
8401 11
8402 101
8403 10
8404 54
8405 5
8406 53
8407 40
8408 16
8409 7
8410 179
8411 2
8412 128
8413 17
8414 1
8415 22
8416 106
8417 495
8418 21
8419 8
8420 12
8421 1
8422 13
8423 8
8424 14
8425 61
8426 5
8427 4
8428 20
8429 11
8430 27
8431 294
8432 16
8433 5
8434 5
8435 10
8436 8
8437 31
8438 17
8439 6
8440 172
8441 1
8442 31
8443 238
8444 2
8445 189
8446 7
8447 118
8448 16
8449 31
8450 1
8451 2
8452 74
8453 19
8454 31
8455 12
8456 6
8457 35
8458 5
8459 8
8460 6
8461 31
8462 11
8463 6
8464 148
8465 1
8466 23
8467 34
8468 2
8469 9
8470 5
8471 2
8472 36
8473 35
8474 29
8475 74
8476 4
8477 61
8478 13
8479 10
8480 8
8481 1
8482 257
8483 8
8484 32
8485 7
8486 5
8487 134
8488 4
8489 1
8490 1
8491 260
8492 32
8493 3
8494 23
8495 4
8496 2
8497 41
8498 11
8499 26
8500 22
8501 9
8502 13
8503 40
8504 80
8505 1
8506 13
8507 34
8508 212
8509 299
8510 1
8511 4
8512 22
8513 1
8514 33
8515 68
8516 4
8517 5
8518 199
8519 4
8520 6
8521 77
8522 33
8523 2
8524 4
8525 13
8526 1
8527 34
8528 6
8529 9
8530 23
8531 54
8532 6
8533 17
8534 11
8535 66
8536 82
8537 157
8538 1
8539 4
8540 34
8541 25
8542 103
8543 26
8544 8
8545 25
8546 1
8547 20
8548 22
8549 1
8550 17
8551 4
8552 38
8553 3
8554 7
8555 32
8556 42
8557 77
8558 11
8559 34
8560 34
8561 1
8562 29
8563 22
8564 8
8565 9
8566 21
8567 20
8568 8
8569 91
8570 45
8571 118
8572 208
8573 5
8574 5
8575 4
8576 36
8577 53
8578 179
8579 2
8580 2
8581 7
8582 11
8583 2
8584 22
8585 41
8586 287
8587 88
8588 26
8589 7
8590 23
8591 2
8592 14
8593 135
8594 1
8595 18
8596 70
8597 99
8598 21
8599 230
8600 8
8601 1
8602 139
8603 2
8604 8
8605 49
8606 5
8607 34
8608 26
8609 49
8610 101
8611 4
8612 56
8613 17
8614 5
8615 10
8616 8
8617 23
8618 5
8619 2
8620 14
8621 17
8622 17
8623 4
8624 8
8625 13
8626 17
8627 170
8628 2
8629 13
8630 43
8631 10
8632 14
8633 13
8634 9
8635 34
8636 8
8637 41
8638 13
8639 4
8640 12
8641 33
8642 31
8643 4
8644 192
8645 5
8646 3
8647 64
8648 24
8649 1
8650 117
8651 10
8652 6
8653 73
8654 21
8655 30
8656 14
8657 13
8658 1
8659 50
8660 4
8661 7
8662 357
8663 2
8664 76
8665 49
8666 1
8667 4
8668 4
8669 5
8670 3
8671 38
8672 6
8673 13
8674 5
8675 2
8676 58
8677 179
8678 29
8679 6
8680 24
8681 7
8682 65
8683 14
8684 10
8685 5
8686 5
8687 10
8688 4
8689 7
8690 29
8691 6
8692 118
8693 1
8694 1
8695 520
8696 2
8697 77
8698 17
8699 56
8700 30
8701 7
8702 7
8703 16
8704 26
8705 5
8706 5
8707 94
8708 4
8709 3
8710 5
8711 26
8712 470
8713 49
8714 49
8715 2
8716 52
8717 19
8718 17
8719 4
8720 4
8721 1
8722 67
8723 26
8724 2
8725 81
8726 13
8727 4
8728 24
8729 71
8730 61
8731 46
8732 32
8733 41
8734 11
8735 2
8736 6
8737 71
8738 1
8739 14
8740 4
8741 1
8742 31
8743 34
8744 2
8745 15
8746 55
8747 4
8748 4
8749 67
8750 31
8751 8
8752 32
8753 295
8754 1
8755 34
8756 4
8757 153
8758 5
8759 2
8760 16
8761 31
8762 27
8763 8
8764 4
8765 5
8766 17
8767 44
8768 26
8769 79
8770 7
8771 34
8772 32
8773 7
8774 71
8775 6
8776 4
8777 5
8778 27
8779 12
8780 22
8781 191
8782 13
8783 10
8784 2
8785 7
8786 1
8787 178
8788 188
8789 1
8790 5
8791 16
8792 6
8793 17
8794 343
8795 14
8796 258
8797 173
8798 1
8799 2
8800 22
8801 5
8802 17
8803 4
8804 4
8805 45
8806 75
8807 40
8808 20
8809 17
8810 5
8811 2
8812 32
8813 1
8814 21
8815 10
8816 32
8817 5
8818 5
8819 20
8820 14
8821 13
8822 13
8823 16
8824 52
8825 7
8826 37
8827 40
8828 2
8829 9
8830 23
8831 8
8832 6
8833 331
8834 1
8835 32
8836 52
8837 83
8838 5
8839 14
8840 10
8841 3
8842 31
8843 8
8844 30
8845 7
8846 11
8847 4
8848 22
8849 17
8850 41
8851 104
8852 76
8853 3
8854 5
8855 186
8856 2
8857 79
8858 5
8859 20
8860 22
8861 5
8862 11
8863 14
8864 4
8865 35
8866 149
8867 4
8868 8
8869 261
8870 55
8871 94
8872 224
8873 1
8874 1
8875 82
8876 56
8877 19
8878 7
8879 32
8880 6
8881 137
8882 103
8883 58
8884 4
8885 5
8886 9
8887 58
8888 6
8889 5
8890 5
8891 2
8892 6
8893 39
8894 1
8895 10
8896 10
8897 5
8898 27
8899 34
8900 8
8901 81
8902 13
8903 2
8904 4
8905 7
8906 5
8907 20
8908 4
8909 5
8910 57
8911 94
8912 134
8913 1
8914 81
8915 12
8916 22
8917 169
8918 1
8919 2
8920 46
8921 5
8922 31
8923 18
8924 6
8925 1
8926 37
8927 4
8928 16
8929 19
8930 33
8931 2
8932 232
8933 17
8934 5
8935 80
8936 6
8937 129
8938 13
8939 4
8940 8
8941 11
8942 217
8943 34
8944 284
8945 1
8946 61
8947 40
8948 10
8949 9
8950 211
8951 2
8952 6
8953 113
8954 1
8955 2
8956 26
8957 5
8958 23
8959 106
8960 2
8961 1
8962 23
8963 40
8964 4
8965 31
8966 5
8967 34
8968 20
8969 1
8970 53
8971 40
8972 136
8973 7
8974 55
8975 4
8976 14
8977 623
8978 1
8979 2
8980 4
8981 41
8982 11
8983 64
8984 218
8985 5
8986 7
8987 8
8988 2
8989 19
8990 1
8991 30
8992 148
8993 17
8994 1
8995 32
8996 4
8997 19
8998 23
8999 20
9000 8
9001 211
9002 81
9003 4
9004 32
9005 41
9006 1
9007 64
9008 10
9009 21
9010 13
9011 4
9012 50
9013 37
9014 7
9015 544
9016 4
9017 13
9018 11
9019 26
9020 40
9021 1
9022 57
9023 2
9024 6
9025 13
9026 5
9027 50
9028 26
9029 1
9030 15
9031 34
9032 6
9033 53
9034 13
9035 8
9036 106
9037 277
9038 1
9039 4
9040 104
9041 7
9042 11
9043 4
9044 2
9045 11
9046 61
9047 44
9048 2
9049 47
9050 5
9051 46
9052 104
9053 43
9054 65
9055 10
9056 10
9057 5
9058 175
9059 2
9060 120
9061 17
9062 21
9063 6
9064 58
9065 5
9066 3
9067 370
9068 8
9069 109
9070 5
9071 2
9072 14
9073 17
9074 1
9075 226
9076 56
9077 13
9078 9
9079 4
9080 94
9081 7
9082 59
9083 4
9084 4
9085 213
9086 29
9087 20
9088 44
9089 13
9090 1
9091 40
9092 6
9093 13
9094 53
9095 2
9096 44
9097 19
9098 13
9099 54
9100 4
9101 11
9102 367
9103 104
9104 4
9105 3
9106 13
9107 4
9108 22
9109 7
9110 43
9111 6
9112 32
9113 55
9114 1
9115 14
9116 4
9117 35
9118 13
9119 44
9120 56
9121 7
9122 107
9123 50
9124 84
9125 1
9126 3
9127 124
9128 8
9129 25
9130 11
9131 8
9132 58
9133 17
9134 1
9135 112
9136 10
9137 143
9138 17
9139 10
9140 22
9141 5
9142 59
9143 82
9144 4
9145 173
9146 5
9147 4
9148 34
9149 29
9150 3
9151 4
9152 26
9153 3
9154 23
9155 2
9156 2
9157 157
9158 11
9159 16
9160 34
9161 53
9162 29
9163 34
9164 2
9165 5
9166 229
9167 74
9168 4
9169 7
9170 5
9171 34
9172 14
9173 5
9174 5
9175 8
9176 4
9177 5
9178 49
9179 4
9180 60
9181 13
9182 13
9183 2
9184 134
9185 5
9186 9
9187 54
9188 26
9189 9
9190 13
9191 34
9192 6
9193 13
9194 29
9195 4
9196 4
9197 45
9198 3
9199 10
9200 10
9201 17
9202 97
9203 26
9204 20
9205 37
9206 1
9207 672
9208 26
9209 13
9210 77
9211 560
9212 46
9213 1
9214 5
9215 8
9216 8
9217 19
9218 5
9219 14
9220 220
9221 1
9222 251
9223 94
9224 16
9225 25
9226 13
9227 4
9228 2
9229 35
9230 1
9231 10
9232 14
9233 7
9234 53
9235 14
9236 230
9237 17
9238 11
9239 8
9240 8
9241 67
9242 11
9243 58
9244 10
9245 45
9246 1
9247 80
9248 6
9249 25
9250 101
9251 58
9252 6
9253 41
9254 13
9255 4
9256 62
9257 29
9258 3
9259 4
9260 8
9261 3
9262 211
9263 8
9264 16
9265 83
9266 43
9267 84
9268 14
9269 23
9270 9
9271 26
9272 6
9273 7
9274 31
9275 4
9276 2
9277 19
9278 215
9279 10
9280 14
9281 7
9282 17
9283 8
9284 20
9285 53
9286 327
9287 8
9288 222
9289 13
9290 29
9291 6
9292 104
9293 1
9294 51
9295 4
9296 16
9297 5
9298 5
9299 50
9300 44
9301 85
9302 11
9303 8
9304 4
9305 5
9306 9
9307 314
9308 8
9309 45
9310 7
9311 4
9312 16
9313 17
9314 17
9315 750
9316 4
9317 5
9318 1
9319 524
9320 8
9321 9
9322 193
9323 10
9324 22
9325 19
9326 11
9327 350
9328 24
9329 29
9330 3
9331 16
9332 6
9333 7
9334 621
9335 2
9336 8
9337 37
9338 5
9339 22
9340 14
9341 89
9342 31
9343 4
9344 10
9345 5
9346 83
9347 22
9348 20
9349 17
9350 1
9351 4
9352 676
9353 5
9354 21
9355 98
9356 4
9357 19
9358 23
9359 2
9360 196
9361 9
9362 23
9363 22
9364 12
9365 1
9366 37
9367 124
9368 56
9369 9
9370 5
9371 2
9372 14
9373 11
9374 1
9375 116
9376 80
9377 199
9378 1
9379 82
9380 152
9381 5
9382 55
9383 14
9384 4
9385 7
9386 1
9387 16
9388 22
9389 17
9390 9
9391 8
9392 106
9393 1
9394 5
9395 32
9396 6
9397 41
9398 37
9399 22
9400 218
9401 7
9402 101
9403 4
9404 104
9405 9
9406 13
9407 20
9408 20
9409 143
9410 13
9411 38
9412 202
9413 13
9414 21
9415 4
9416 6
9417 5
9418 227
9419 2
9420 4
9421 49
9422 11
9423 8
9424 26
9425 5
9426 11
9427 22
9428 16
9429 1
9430 5
9431 4
9432 34
9433 235
9434 1
9435 14
9436 44
9437 123
9438 27
9439 104
9440 8
9441 5
9442 13
9443 106
9444 14
9445 7
9446 5
9447 4
9448 4
9449 1
9450 43
9451 10
9452 62
9453 569
9454 63
9455 2
9456 2
9457 409
9458 1
9459 2
9460 104
9461 37
9462 11
9463 10
9464 8
9465 49
9466 5
9467 40
9468 6
9469 13
9470 41
9471 10
9472 52
9473 1
9474 9
9475 4
9476 10
9477 83
9478 53
9479 2
9480 10
9481 469
9482 11
9483 22
9484 4
9485 13
9486 1
9487 140
9488 8
9489 1
9490 543
9491 8
9492 6
9493 7
9494 11
9495 16
9496 26
9497 19
9498 17
9499 8
9500 2
9501 13
9502 119
9503 10
9504 2
9505 67
9506 1
9507 4
9508 242
9509 173
9510 5
9511 34
9512 52
9513 5
9514 5
9515 10
9516 16
9517 41
9518 1
9519 72
9520 40
9521 7
9522 31
9523 26
9524 10
9525 1
9526 119
9527 40
9528 22
9529 33
9530 9
9531 4
9532 964
9533 5
9534 1
9535 74
9536 2
9537 197
9538 5
9539 2
9540 6
9541 241
9542 13
9543 6
9544 56
9545 7
9546 27
9547 76
9548 38
9549 5
9550 5
9551 8
9552 26
9553 61
9554 11
9555 16
9556 32
9557 13
9558 317
9559 4
9560 4
9561 13
9562 147
9563 34
9564 14
9565 65
9566 7
9567 98
9568 4
9569 1
9570 1
9571 18
9572 26
9573 7
9574 13
9575 12
9576 4
9577 19
9578 1
9579 44
9580 22
9581 1
9582 13
9583 4
9584 6
9585 39
9586 41
9587 34
9588 208
9589 11
9590 1
9591 6
9592 14
9593 5
9594 13
9595 4
9596 20
9597 19
9598 33
9599 26
9600 58
9601 19
9602 17
9603 2
9604 180
9605 17
9606 3
9607 350
9608 4
9609 1
9610 31
9611 8
9612 20
9613 169
9614 43
9615 2
9616 20
9617 5
9618 1
9619 22
9620 24
9621 11
9622 13
9623 34
9624 16
9625 83
9626 13
9627 4
9628 24
9629 1
9630 23
9631 10
9632 6
9633 13
9634 7
9635 8
9636 6
9637 439
9638 11
9639 8
9640 10
9641 37
9642 111
9643 212
9644 8
9645 13
9646 31
9647 34
9648 8
9649 89
9650 1
9651 16
9652 256
9653 89
9654 3
9655 88
9656 188
9657 5
9658 23
9659 2
9660 2
9661 103
9662 11
9663 170
9664 22
9665 5
9666 1
9667 44
9668 6
9669 17
9670 201
9671 8
9672 62
9673 25
9674 5
9675 20
9676 10
9677 61
9678 27
9679 14
9680 4
9681 13
9682 13
9683 4
9684 20
9685 13
9686 1
9687 106
9688 12
9689 1
9690 5
9691 80
9692 6
9693 1
9694 41
9695 2
9696 164
9697 87
9698 43
9699 10
9700 34
9701 1
9702 51
9703 4
9704 6
9705 17
9706 11
9707 64
9708 12
9709 7
9710 5
9711 2
9712 212
9713 1
9714 3
9715 246
9716 4
9717 35
9718 313
9719 8
9720 4
9721 25
9722 31
9723 6
9724 20
9725 5
9726 49
9727 34
9728 4
9729 59
9730 31
9731 2
9732 146
9733 131
9734 1
9735 10
9736 4
9737 157
9738 3
9739 120
9740 86
9741 1
9742 277
9743 4
9744 2
9745 161
9746 11
9747 20
9748 46
9749 83
9750 1
9751 22
9752 14
9753 1
9754 23
9755 10
9756 58
9757 19
9758 71
9759 4
9760 214
9761 5
9762 159
9763 32
9764 34
9765 3
9766 23
9767 4
9768 44
9769 35
9770 1
9771 2
9772 14
9773 73
9774 21
9775 70
9776 2
9777 5
9778 57
9779 2
9780 440
9781 13
9782 277
9783 8
9784 40
9785 1
9786 9
9787 80
9788 4
9789 9
9790 13
9791 2
9792 6
9793 193
9794 5
9795 34
9796 38
9797 5
9798 1
9799 146
9800 70
9801 1
9802 13
9803 8
9804 2
9805 29
9806 5
9807 4
9808 14
9809 5
9810 9
9811 106
9812 42
9813 29
9814 27
9815 4
9816 6
9817 311
9818 17
9819 8
9820 4
9821 5
9822 11
9823 34
9824 14
9825 45
9826 5
9827 4
9828 4
9829 113
9830 1
9831 8
9832 104
9833 11
9834 107
9835 14
9836 8
9837 7
9838 117
9839 10
9840 6
9841 9
9842 265
9843 6
9844 52
9845 75
9846 5
9847 94
9848 2
9849 3
9850 35
9851 70
9852 14
9853 13
9854 1
9855 8
9856 16
9857 37
9858 1
9859 138
9860 128
9861 7
9862 23
9863 2
9864 112
9865 7
9866 5
9867 4
9868 122
9869 1
9870 9
9871 16
9872 14
9873 125
9874 13
9875 2
9876 6
9877 55
9878 25
9879 6
9880 14
9881 1
9882 13
9883 14
9884 6
9885 37
9886 29
9887 116
9888 12
9889 13
9890 61
9891 154
9892 14
9893 5
9894 149
9895 24
9896 8
9897 19
9898 5
9899 4
9900 2
9901 71
9902 107
9903 94
9904 206
9905 433
9906 1
9907 334
9908 26
9909 27
9910 5
9911 10
9912 336
9913 17
9914 17
9915 74
9916 412
9917 5
9918 5
9919 34
9920 4
9921 3
9922 141
9923 62
9924 8
9925 19
9926 1
9927 22
9928 4
9929 5
9930 3
9931 8
9932 56
9933 1
9934 13
9935 76
9936 26
9937 49
9938 25
9939 16
9940 14
9941 33
9942 101
9943 14
9944 2
9945 1
9946 25
9947 20
9948 6
9949 55
9950 5
9951 8
9952 34
9953 7
9954 47
9955 4
9956 2
9957 35
9958 7
9959 2
9960 16
9961 49
9962 11
9963 2
9964 642
9965 13
9966 27
9967 22
9968 2
9969 75
9970 41
9971 48
9972 6
9973 121
9974 1
9975 286
9976 48
9977 105
9978 9
9979 4
9980 2
9981 1
9982 31
9983 8
9984 10
9985 35
9986 1
9987 62
9988 4
9989 1
9990 31
9991 10
9992 110
9993 17
9994 11
9995 2
9996 4
9997 223
9998 1
9999 198
10000 40
