20
2
0 3 0 2 10 2 3 -2
10 3 2 3 8 7 2 0
3
2 1 0 5 10 2 4 0
0 3 0 2 7 1 1 2
3 3 0 5 1 1 2 0
2
3 2 0 2 9 2 3 0
6 1 1 4 6 3 -1 -2
6
3414 2 -25 61 326 54788 -7 61
181452 8 -10 3 6717 12710 2 -498
223505 8 -62 77 280 13242 5 595
101271 3 -16 37 8692 213187 -4 -883
265384 8 -81 89 3249 13934 -5 -37
197549 4 -3 78 2761 22851 -10 560
8
47771 7 30 31 397209 15997 1 -28893
47771 7 58 59 328098 15997 0 225
47771 7 58 59 253813 15997 0 13965
143753 1 58 59 353637 15997 0 -3190
79765 5 58 59 191226 15997 0 34131
15777 9 28 36 1000000 15997 9 100000
127756 2 58 59 444858 15997 0 37456
127756 2 58 59 77664 15997 0 25805
5
16190 5 89 91 1000000 38283 3 100000
150074 4 88 89 240048 22053 1 655
34147 1 29 30 338938 163975 0 5321
51610 8 29 30 447706 2936 0 -45663
179500 10 29 30 430782 1250 0 -47660
10
861 10 -74 95 760064 9904 -8 -68044
54331 10 -83 -9 750074 20928 3 -29721
324351 10 -98 -8 679222 26000 3 -65397
104832 10 -67 91 963502 22619 8 -94341
210331 10 -87 35 840951 27151 -5 -85158
372776 10 -77 25 689749 4315 -2 61943
1099 10 -27 61 33574 1909 5 74556
101442 10 -36 66 945519 23548 9 -95148
219350 10 -71 -5 192946 1821 7 94572
8446 10 -37 42 813129 2427 -6 -63704
10
38771 10 -8 -3 619223 134 1 -53599
38771 10 92 94 960015 134 -3 -74654
38771 10 -45 14 268417 134 -5 43382
38771 10 -37 61 174436 134 -5 -12090
38771 10 -12 48 493873 134 8 -4360
38771 10 -12 55 618706 134 -9 -66653
38771 10 -40 62 781937 134 -10 -21865
38771 10 4 97 226031 134 -4 24022
38771 10 -94 -81 271096 134 8 40916
38771 10 -10 -4 986660 134 -7 -7913
10
18451 10 -69 -46 590442 15788 10 77700
18451 10 -62 95 848748 15788 -1 -75105
18451 10 -22 75 628444 15788 0 -59272
18451 10 -86 -53 831976 15788 -9 -5269
18451 10 12 43 175793 15788 8 -1215
18451 10 -24 92 807694 15788 9 -78877
18451 10 -28 -20 516799 15788 -4 -28179
18451 10 -33 56 465449 15788 -4 -18329
18451 10 -8 -6 555337 15788 1 59683
18451 10 28 95 781912 15788 -1 -86227
10
230659 10 -8 81 370468 8928 -9 11306
16604 10 -87 -72 933288 845 3 57582
172629 10 -42 38 977941 42667 -2 -52883
97637 10 -17 41 236158 41634 2 95829
260845 10 5 52 686382 14962 -2 38998
225753 10 -41 100 889097 7264 10 -3862
3294 10 -15 42 921759 18990 -1 -43443
255657 10 -87 19 226597 1196 -8 80212
27693 10 -33 65 449083 9538 3 53499
302837 10 -72 60 671101 284 -2 77370
10
416579 10 -86 55 441254 1460 -8 61923
416579 10 -86 55 823301 1460 -8 -84155
416579 10 -86 55 962326 1460 -8 -85154
416579 10 -86 55 763296 1460 -1 -31155
416579 10 -86 55 540595 1460 1 89764
416579 10 -86 55 574469 1460 -1 12737
416579 10 -86 55 251361 1460 -2 73551
416579 10 -86 55 793072 1460 -4 -71814
416579 10 -86 55 334650 1460 2 14359
416579 10 -86 55 469514 1460 1 26883
10
662 5 -18 68 9735 72542 0 -643
168281 6 -7 21 719 32514 -4 815
227904 1 -96 -51 7015 5134 -5 -215
354013 10 -84 16 775 1679 5 -11
73950 5 33 62 3164 4205 6 -76
38105 4 -2 21 8858 5442 -1 747
265299 5 -45 58 8917 60826 -6 -985
43772 7 69 93 6021 53517 7 -596
101061 2 -29 15 1606 43029 10 687
207 10 70 73 3123 2716 5 133
8
16935 8 -74 97 4581 18087 -4 254
233870 6 -76 -44 8870 30825 5 -341
139949 5 -59 39 8973 40041 5 547
99758 2 -40 66 8628 38608 -5 623
9480 5 -99 12 3967 19090 0 -713
230414 1 -36 59 5390 167 1 820
27935 3 -85 80 2739 134635 7 -80
182284 1 -78 86 7862 5897 4 -554
7
408304 1 -36 70 1305 4328 10 -679
15367 9 7 55 1451 33284 9 -68
122206 2 46 60 3664 384288 -6 497
19530 9 -99 43 8578 71116 7 -642
126858 8 -79 -28 4498 60154 6 364
116883 4 -84 29 2238 136485 0 548
16845 10 -17 57 2173 621 -2 427
8
16781 8 -23 -9 5729 56334 -6 -699
82249 1 -93 -46 731 6373 -9 -930
21233 5 -91 88 9953 36281 3 -342
30074 7 -9 38 8937 30576 4 -494
2308 6 -46 94 7611 2354 -10 453
107309 10 -39 -14 4288 19837 2 241
227290 5 -92 23 8232 12529 -5 992
92943 6 11 95 8725 12667 -8 591
10
146707 5 -66 58 5711 18788 -7 -635
3979 10 -5 65 1739 19456 -8 357
1357 8 -10 56 8613 30897 -9 432
97718 2 -37 4 6498 329181 -6 -101
45174 9 -44 36 289 9554 5 692
8434 4 10 23 3512 18070 5 -376
50515 4 -50 -15 5701 714 3 -450
200184 5 -23 2 4426 9825 -6 216
63722 10 -85 47 7837 9033 -3 236
13386 4 86 95 6194 74822 0 -640
10
3313 7 -83 98 5757 21282 -10 -356
48138 4 -38 45 8074 27909 0 903
17316 9 56 72 1335 22266 2 -54
24016 4 -41 68 395 11209 -7 0
7556 8 -24 45 6447 820 0 -193
211752 1 -35 59 9123 5655 -10 476
162688 10 -95 -17 9943 15055 -4 919
126 2 25 68 7183 50362 0 -530
290669 1 -80 91 1455 3111 -1 656
3214 5 3 47 9336 12467 10 273
8
25603 3 -13 34 9759 139457 6 -899
42334 6 -38 46 339 61984 2 472
67146 10 -12 8 6985 28194 -5 -118
63350 6 21 47 2288 11212 4 437
10847 2 -22 -18 3494 23312 8 810
1123 9 -9 53 1974 11473 9 179
7256 9 -38 -30 7703 7366 -2 -807
11552 8 18 50 7113 2943 4 -761
4
28299 9 4 11 617 22259 1 969
7175 2 20 32 5105 22035 -5 206
88319 8 -89 73 4085 5403 8 896
329080 1 -12 72 1744 1526 7 945
1
287501 1 -51 -26 715 1412 -9 -565
