30
3
3 4
4 10
6 10
9
3
3 4
4 10
7 10
9
2
6 6
10 3
13
2
6 6
10 3
14
95
755839 1000000
834681 834102
844552 833833
858463 712080
904173 930739
913304 572149
978058 909558
999163 992266
1008834 940829
1027924 700113
1041081 749986
1230381 808417
1233760 679784
1285504 806119
1444751 810767
1500571 997180
1511650 755808
1511652 755807
1511654 755806
1511656 755805
1511658 755804
1511660 755803
1511662 755802
1511664 755801
1511666 755800
1511668 755799
1511670 755798
1511672 755797
1511674 755796
1511676 755795
1511678 755794
2267459 755807
3023266 755807
3102653 543636
3204785 626988
3227432 724328
3230018 638100
3439850 807098
3520584 774980
3574316 515314
3578998 836833
3650060 685288
3674718 873416
3679050 675697
3732478 842928
3745760 828757
3755930 557082
3770591 979189
4517888 747294
4517890 747293
4517892 747292
4517894 747291
4517896 747290
4517898 747289
4517900 747288
4517902 747287
4517904 747286
4517906 747285
4517908 747284
4517910 747283
4517912 747282
4517914 747281
4517916 747280
5265188 747287
6012476 747288
6042427 523728
6052064 541336
6227350 930133
6296361 858403
6344011 801036
6427480 898278
6456269 842981
6531105 942441
6555921 864746
6573016 802222
6638154 533616
6651912 561499
6663061 672392
6705191 990819
6749866 935025
7487228 737359
7487230 737358
7487232 737357
7487234 737356
7487236 737355
7487238 737354
7487240 737353
7487242 737352
7487244 737351
7487246 737350
7487248 737349
7487250 737348
7487252 737347
7487254 737346
7487256 737345
8224601
99
766698 1000000
857618 661299
909446 857865
919055 681423
1137204 711527
1173561 845865
1233059 996673
1336365 878779
1377984 615280
1530759 900896
1533380 766679
1533382 766678
1533384 766677
1533386 766676
1533388 766675
1533390 766674
1533392 766673
1533394 766672
1533396 766671
2300066 766672
3066738 766672
3117848 923952
3190309 975377
3246045 846033
3365508 644574
3468350 936384
3527865 795536
3606720 578287
3792817 586509
3804480 811874
4542206 737723
4542208 737722
4542210 737721
4542212 737720
4542214 737719
4542216 737718
4542218 737717
4542220 737716
4542222 737715
5279932 737720
6017652 737720
6147555 908744
6197543 713011
6248744 906209
6249573 741603
6277670 754383
6429903 672161
6534173 591642
6620197 535836
6674956 524543
7156017 535817
7156019 535816
7156021 535815
7156023 535814
7156025 535813
7156027 535812
7156029 535811
7156031 535810
7156033 535809
7691835 535816
8227651 535816
8281941 727344
8288779 524694
8320205 714827
8479254 500195
8665094 675700
8668845 739898
8696902 689780
8705810 678734
8758387 713517
8763451 535797
8763453 535796
8763455 535795
8763457 535794
8763459 535793
8763461 535792
8763463 535791
8763465 535790
8763467 535789
9299252 535793
9835045 535793
9851418 601801
9853821 577731
9893682 518219
9931852 768596
10089317 506758
10231539 877875
10239192 676194
10263317 689517
10275525 761400
10370822 535774
10370824 535773
10370826 535772
10370828 535771
10370830 535770
10370832 535769
10370834 535768
10370836 535767
10370838 535766
10906604
99
542957 1000000
1085820 542860
1085822 542859
1085824 542858
1085826 542857
1085828 542856
1085830 542855
1085832 542854
1085834 542853
1085836 542852
1085838 542851
1085840 542850
1085842 542849
1085844 542848
1085846 542847
1085848 542846
1085850 542845
1085852 542844
1085854 542843
1085856 542842
1085858 542841
1085860 542840
1085862 542839
1085864 542838
1085866 542837
1085868 542836
1085870 542835
1085872 542834
1085874 542833
1085876 542832
1085878 542831
1085880 542830
1085882 542829
1085884 542828
1085886 542827
1085888 542826
1085890 542825
1085892 542824
1085894 542823
1085896 542822
1085898 542821
1085900 542820
1085902 542819
1085904 542818
1085906 542817
1085908 542816
1085910 542815
1085912 542814
1085914 542813
1628712 542827
2171540 542828
2714274 542731
2714276 542730
2714278 542729
2714280 542728
2714282 542727
2714284 542726
2714286 542725
2714288 542724
2714290 542723
2714292 542722
2714294 542721
2714296 542720
2714298 542719
2714300 542718
2714302 542717
2714304 542716
2714306 542715
2714308 542714
2714310 542713
2714312 542712
2714314 542711
2714316 542710
2714318 542709
2714320 542708
2714322 542707
2714324 542706
2714326 542705
2714328 542704
2714330 542703
2714332 542702
2714334 542701
2714336 542700
2714338 542699
2714340 542698
2714342 542697
2714344 542696
2714346 542695
2714348 542694
2714350 542693
2714352 542692
2714354 542691
2714356 542690
2714358 542689
2714360 542688
2714362 542687
2714364 542686
2714366 542685
2714368 542684
3257052
3
5 5
7 5
9 5
21
4
5 5
8 3
9 4
11 3
14
7
10 10
15 5
20 9
25 5
30 10
35 5
40 10
45
99
10 70
11 46
12 44
13 23
14 87
16 76
18 76
19 78
20 43
30 10
40 10
42 86
43 27
44 61
45 13
46 30
47 57
49 12
50 35
60 10
70 10
71 71
72 85
73 61
74 31
75 28
76 51
79 22
80 96
90 10
100 10
101 32
102 31
103 62
104 77
105 93
106 44
107 71
110 98
120 10
130 10
131 49
132 100
135 25
136 87
137 54
138 14
139 36
140 70
150 10
160 10
161 40
162 55
163 50
164 63
165 63
166 97
168 87
169 20
178 9
187 9
188 49
189 82
190 30
191 87
193 23
194 39
195 14
196 79
205 9
214 9
215 81
216 21
217 87
218 41
219 95
220 23
221 22
223 17
232 9
241 9
242 93
243 89
244 64
245 64
246 95
247 17
248 68
249 26
257 8
265 8
266 88
267 86
268 30
269 71
270 34
271 11
272 43
273 76
281
1
200000000 300000000
400000000
99
288938 1000000
361831 884191
384242 781990
555029 632764
574682 684899
860420 285735
860422 285734
860424 285733
860426 285732
1146155 285735
1431890 285735
1435424 775710
1479888 869758
1668337 937212
1672233 747074
1912570 240334
1912572 240333
1912574 240332
1912576 240331
2152906 240332
2393238 240332
2412405 702085
2446680 517537
2516885 702387
2520517 943664
2633564 240323
2633566 240322
2633568 240321
2633570 240320
2873888 240322
3114210 240322
3124906 845445
3187134 957532
3253500 516645
3317985 908574
3521754 203766
3521756 203765
3521758 203764
3521760 203763
3725521 203765
3929286 203765
3947819 896270
4033004 621751
4096260 841578
4101297 791765
4273302 172002
4273304 172001
4273306 172000
4273308 171999
4445305 172001
4617306 172001
4619310 815422
4682620 953855
4699580 706705
4732786 554176
4789301 171992
4789303 171991
4789305 171990
4789307 171989
4961293 171992
5133285 171992
5181333 523263
5256375 862369
5264657 530757
5274426 923325
5305271 171983
5305273 171982
5305275 171981
5305277 171980
5477255 171982
5649237 171982
5779794 947992
5785739 622497
5791012 624343
5792014 860429
5821213 171973
5821215 171972
5821217 171971
5821219 171970
5993188 171971
6165159 171971
6167658 645130
6171293 712789
6278737 921709
6293213 845419
6421261 128045
6421263 128044
6421265 128043
6421267 128042
6549308 128043
6677351 128043
6733859 906111
6765676 836112
6769712 696452
6795927 695911
6914497 118567
6914499 118566
6914501 118565
6914503 118564
7033067
99
153726 1000000
307448 153719
307450 153718
307452 153717
461168 153718
614886 153718
768600 153711
768602 153710
768604 153709
922313 153709
1076022 153709
1229727 153702
1229729 153701
1229731 153700
1383430 153701
1537131 153701
1690828 153694
1690830 153693
1690832 153692
1844523 153693
1998216 153693
2151905 153686
2151907 153685
2151909 153684
2305593 153684
2459277 153684
2612957 153677
2612959 153676
2612961 153675
2766635 153676
2920311 153676
3073983 153669
3073985 153668
3073987 153667
3227652 153669
3381321 153669
3534986 153662
3534988 153661
3534990 153660
3688649 153661
3842310 153661
3995967 153654
3995969 153653
3995971 153652
4149621 153654
4303275 153654
4456925 153647
4456927 153646
4456929 153645
4610574 153645
4764219 153645
4917860 153638
4917862 153637
4917864 153636
5071500 153636
5225136 153636
5378768 153629
5378770 153628
5378772 153627
5532398 153628
5686026 153628
5839650 153621
5839652 153620
5839654 153619
5993273 153619
6146892 153619
6300507 153612
6300509 153611
6300511 153610
6454119 153612
6607731 153612
6761339 153605
6761341 153604
6761343 153603
6914946 153603
7068549 153603
7222148 153596
7222150 153595
7222152 153594
7375744 153596
7529340 153596
7682932 153589
7682934 153588
7682936 153587
7836521 153589
7990110 153589
8143695 153582
8143697 153581
8143699 153580
8297278 153581
8450859 153581
8604436 153574
8604438 153573
8604440 153572
8758012 153572
8911584 153572
9065152 153565
9065154 153564
9065156 153563
9218719
2
10 10
11 10
20
1
10 25
25
99
885118 1000000
1770202 885081
1770204 885080
1770206 885079
1770208 885078
1770210 885077
1770212 885076
1770214 885075
1770216 885074
1770218 885073
1770220 885072
1770222 885071
1770224 885070
1770226 885069
1770228 885068
1770230 885067
1770232 885066
1770234 885065
1770236 885064
2655283 885080
3540364 885081
4425411 885044
4425413 885043
4425415 885042
4425417 885041
4425419 885040
4425421 885039
4425423 885038
4425425 885037
4425427 885036
4425429 885035
4425431 885034
4425433 885033
4425435 885032
4425437 885031
4425439 885030
4425441 885029
4425443 885028
4425445 885027
5310457 885042
6195499 885042
7080507 885005
7080509 885004
7080511 885003
7080513 885002
7080515 885001
7080517 885000
7080519 884999
7080521 884998
7080523 884997
7080525 884996
7080527 884995
7080529 884994
7080531 884993
7080533 884992
7080535 884991
7080537 884990
7080539 884989
7080541 884988
7965529 884988
8850517 884988
9735471 884951
9735473 884950
9735475 884949
9735477 884948
9735479 884947
9735481 884946
9735483 884945
9735485 884944
9735487 884943
9735489 884942
9735491 884941
9735493 884940
9735495 884939
9735497 884938
9735499 884937
9735501 884936
9735503 884935
9735505 884934
10620423 884950
11505373 884950
12390289 884913
12390291 884912
12390293 884911
12390295 884910
12390297 884909
12390299 884908
12390301 884907
12390303 884906
12390305 884905
12390307 884904
12390309 884903
12390311 884902
12390313 884901
12390315 884900
12390317 884899
12390319 884898
12390321 884897
12390323 884896
13275219
99
427461 1000000
854908 427444
854910 427443
854912 427442
854914 427441
854916 427440
854918 427439
854920 427438
854922 427437
1282359 427437
1709796 427437
2137219 427420
2137221 427419
2137223 427418
2137225 427417
2137227 427416
2137229 427415
2137231 427414
2137233 427413
2564643 427416
2992059 427416
3419461 427399
3419463 427398
3419465 427397
3419467 427396
3419469 427395
3419471 427394
3419473 427393
3419475 427392
3846863 427396
4274259 427396
4701641 427379
4701643 427378
4701645 427377
4701647 427376
4701649 427375
4701651 427374
4701653 427373
4701655 427372
5129025 427374
5556399 427374
5983759 427357
5983761 427356
5983763 427355
5983765 427354
5983767 427353
5983769 427352
5983771 427351
5983773 427350
6411120 427353
6838473 427353
7265812 427336
7265814 427335
7265816 427334
7265818 427333
7265820 427332
7265822 427331
7265824 427330
7265826 427329
7693152 427332
8120484 427332
8547802 427315
8547804 427314
8547806 427313
8547808 427312
8547810 427311
8547812 427310
8547814 427309
8547816 427308
8975118 427314
9402432 427314
9829732 427297
9829734 427296
9829736 427295
9829738 427294
9829740 427293
9829742 427292
9829744 427291
9829746 427290
10257029 427297
10684326 427297
11111609 427280
11111611 427279
11111613 427278
11111615 427277
11111617 427276
11111619 427275
11111621 427274
11111623 427273
11538890 427279
11966169 427279
12393434 427262
12393436 427261
12393438 427260
12393440 427259
12393442 427258
12393444 427257
12393446 427256
12393448 427255
12820703
99
113279 1000000
115812 899712
115897 653863
117144 652229
123948 732992
125157 918020
126598 543134
127109 660052
128721 931633
129958 935738
131559 627533
133195 761510
136498 718814
144621 776491
147827 605423
148155 883896
150532 575514
153328 637298
154604 605511
154634 753827
159581 579629
159699 832889
163293 844439
165928 522964
170610 893363
171451 618605
172701 567134
172862 520047
176723 803592
178208 769948
179127 880371
181805 895981
182138 543420
182281 978841
182341 997854
183976 786342
184206 719397
190801 719962
193308 517694
199132 926932
203599 748925
206374 682127
210561 888288
210932 952342
216348 875576
216506 597775
220212 828172
221013 771498
223626 625802
224432 752050
226462 113180
226464 113179
226466 113178
226468 113177
226470 113176
226472 113175
226474 113174
226476 113173
226478 113172
226480 113171
226482 113170
226484 113169
226486 113168
226488 113167
226490 113166
226492 113165
226494 113164
226496 113163
226498 113162
226500 113161
226502 113160
226504 113159
226506 113158
226508 113157
226510 113156
226512 113155
226514 113154
226516 113153
226518 113152
226520 113151
226522 113150
226524 113149
226526 113148
226528 113147
226530 113146
226532 113145
226534 113144
226536 113143
226538 113142
226540 113141
226542 113140
226544 113139
226546 113138
226548 113137
226550 113136
226552 113135
226554 113134
226556 113133
226558 113132
339690
99
629466 1000000
1258928 629459
1258930 629458
1258932 629457
1888387 629459
2517846 629459
3147301 629452
3147303 629451
3147305 629450
3776753 629452
4406205 629452
5035653 629445
5035655 629444
5035657 629443
5665099 629443
6294543 629444
6923983 629437
6923985 629436
6923987 629435
7553421 629436
8182857 629436
8812289 629429
8812291 629428
8812293 629427
9441719 629428
10071147 629428
10700571 629421
10700573 629420
10700575 629419
11329993 629420
11959413 629420
12588829 629413
12588831 629412
12588833 629411
13218244 629411
13847655 629411
14477062 629404
14477064 629403
14477066 629402
15106467 629403
15735870 629403
16365269 629396
16365271 629395
16365273 629394
16994665 629396
17624061 629396
18253453 629389
18253455 629388
18253457 629387
18882843 629388
19512231 629388
20141615 629381
20141617 629380
20141619 629379
20770996 629381
21400377 629381
22029754 629374
22029756 629373
22029758 629372
22659130 629372
23288502 629372
23917870 629365
23917872 629364
23917874 629363
24547236 629364
25176600 629364
25805960 629357
25805962 629356
25805964 629355
26435319 629355
27064674 629355
27694025 629348
27694027 629347
27694029 629346
28323374 629347
28952721 629347
29582064 629340
29582066 629339
29582068 629338
30211405 629339
30840744 629339
31470079 629332
31470081 629331
31470083 629330
32099412 629331
32728743 629331
33358070 629324
33358072 629323
33358074 629322
33987396 629322
34616718 629322
35246036 629315
35246038 629314
35246040 629313
35875353 629313
36504666 629313
37133975 629306
37133977 629305
37133979 629304
37763283
23
10 37
11 53
12 88
13 74
14 44
15 31
16 56
17 53
18 47
19 37
20 87
30 10
40 10
41 74
42 70
43 100
44 52
45 18
46 92
47 66
48 95
49 88
50 77
60
5
100 100
105 5
110 5
112 2
114 2
120
99
105813 1000000
211612 105796
211614 105795
211616 105794
211618 105793
211620 105792
211622 105791
211624 105790
211626 105789
317413 105791
423204 105791
528981 105774
528983 105773
528985 105772
528987 105771
528989 105770
528991 105769
528993 105768
528995 105767
634762 105766
740529 105767
846282 105750
846284 105749
846286 105748
846288 105747
846290 105746
846292 105745
846294 105744
846296 105743
952038 105744
1057782 105744
1163512 105727
1163514 105726
1163516 105725
1163518 105724
1163520 105723
1163522 105722
1163524 105721
1163526 105720
1269245 105721
1374966 105721
1480673 105704
1480675 105703
1480677 105702
1480679 105701
1480681 105700
1480683 105699
1480685 105698
1480687 105697
1586377 105704
1692081 105704
1797771 105687
1797773 105686
1797775 105685
1797777 105684
1797779 105683
1797781 105682
1797783 105681
1797785 105680
1903461 105684
2009145 105684
2114815 105667
2114817 105666
2114819 105665
2114821 105664
2114823 105663
2114825 105662
2114827 105661
2114829 105660
2220486 105663
2326149 105663
2431798 105646
2431800 105645
2431802 105644
2431804 105643
2431806 105642
2431808 105641
2431810 105640
2431812 105639
2537447 105643
2643090 105643
2748719 105626
2748721 105625
2748723 105624
2748725 105623
2748727 105622
2748729 105621
2748731 105620
2748733 105619
2854345 105626
2959971 105626
3065583 105609
3065585 105608
3065587 105607
3065589 105606
3065591 105605
3065593 105604
3065595 105603
3065597 105602
3171199
99
10 69
11 75
12 27
13 25
15 60
16 37
17 57
18 99
20 36
30 10
40 10
41 33
42 67
43 67
44 11
47 51
48 54
49 35
50 56
60 10
70 10
71 25
72 13
74 99
75 16
76 44
77 53
78 13
79 62
88 8
97 9
98 51
100 59
101 83
102 78
103 80
104 31
105 79
106 63
115 9
124 9
125 68
126 51
128 88
129 16
130 80
131 23
132 57
133 53
142 9
151 9
152 36
153 82
154 11
155 94
156 55
158 17
159 38
160 23
169 9
178 9
179 43
180 22
181 30
182 13
183 55
184 17
185 76
186 98
187 9
196 9
197 38
198 59
199 25
201 21
202 25
203 55
204 21
205 85
214 9
223 9
224 73
225 79
226 31
227 35
228 44
230 62
231 31
232 13
241 9
250 9
251 42
252 92
253 86
254 35
255 71
256 45
257 39
258 58
266
2
10 1000
100 10
110
95
929691 1000000
976750 506254
1207099 908529
1260402 816469
1339871 840207
1372141 828274
1378432 669200
1473965 508242
1982195 508227
1982197 508226
1982199 508225
1982201 508224
1982203 508223
1982205 508222
1982207 508221
2490425 508224
2998649 508224
3026569 530792
3051072 501842
3060859 871035
3147609 834676
3220527 629214
3322764 706588
3331930 515861
3665199 333266
3665201 333265
3665203 333264
3665205 333263
3665207 333262
3665209 333261
3665211 333260
3998468 333263
4331731 333263
4442387 573881
4471969 642138
4474764 547394
4477198 637616
4550747 809842
4623007 926067
4642417 613562
4953091 310671
4953093 310670
4953095 310669
4953097 310668
4953099 310667
4953101 310666
4953103 310665
5263765 310668
5574433 310668
5658071 907497
5674644 677836
5708962 622896
5711650 797816
5818080 631470
5821280 789598
5844073 770011
5885089 310653
5885091 310652
5885093 310651
5885095 310650
5885097 310649
5885099 310648
5885101 310647
6195747 310648
6506395 310648
6532237 891524
6546757 644916
6675746 804573
6680073 528917
6721652 626595
6767891 820231
6811956 769204
6817031 310633
6817033 310632
6817035 310631
6817037 310630
6817039 310629
6817041 310628
6817043 310627
7127665 310632
7438297 310632
7442332 641983
7515721 577873
7578575 631381
7582271 888373
7613373 586632
7628517 661795
7679795 719479
7921281 241483
7921283 241482
7921285 241481
7921287 241480
7921289 241479
7921291 241478
7921293 241477
8162770
99
29917 1000000
59740 29820
59742 29819
59744 29818
59746 29817
59748 29816
59750 29815
59752 29814
59754 29813
59756 29812
59758 29811
59760 29810
59762 29809
59764 29808
59766 29807
59768 29806
59770 29805
59772 29804
59774 29803
59776 29802
59778 29801
59780 29800
59782 29799
59784 29798
59786 29797
59788 29796
59790 29795
59792 29794
59794 29793
59796 29792
59798 29791
59800 29790
59802 29789
59804 29788
59806 29787
59808 29786
59810 29785
59812 29784
59814 29783
59816 29782
59818 29781
59820 29780
59822 29779
59824 29778
59826 29777
59828 29776
59830 29775
59832 29774
59834 29773
89585 29795
119380 29795
149081 29698
149083 29697
149085 29696
149087 29695
149089 29694
149091 29693
149093 29692
149095 29691
149097 29690
149099 29689
149101 29688
149103 29687
149105 29686
149107 29685
149109 29684
149111 29683
149113 29682
149115 29681
149117 29680
149119 29679
149121 29678
149123 29677
149125 29676
149127 29675
149129 29674
149131 29673
149133 29672
149135 29671
149137 29670
149139 29669
149141 29668
149143 29667
149145 29666
149147 29665
149149 29664
149151 29663
149153 29662
149155 29661
149157 29660
149159 29659
149161 29658
149163 29657
149165 29656
149167 29655
149169 29654
149171 29653
149173 29652
149175 29651
178826
99
199825 1000000
211170 651897
211791 963907
213039 895502
222082 918528
231765 652530
253187 666066
255552 622076
258932 649900
264787 578282
273886 821226
286271 608353
296585 523339
301431 819028
301656 865077
308633 727806
317477 599622
319597 799469
330949 938059
336891 866878
347800 973021
348316 661158
355592 664436
389716 836760
393218 988961
586565 193344
586567 193343
586569 193342
586571 193341
586573 193340
586575 193339
586577 193338
586579 193337
586581 193336
586583 193335
586585 193334
586587 193333
586589 193332
586591 193331
586593 193330
586595 193329
586597 193328
586599 193327
586601 193326
586603 193325
586605 193324
586607 193323
586609 193322
586611 193321
779926 193327
973253 193327
975008 732714
981426 941429
984074 649797
994744 939365
1020586 576148
1028323 833156
1036915 565901
1038345 774329
1041534 918302
1065876 722359
1079245 766858
1081716 501773
1088038 924348
1089023 832295
1093144 729904
1095111 997440
1107709 603946
1117859 512147
1123410 864484
1128345 812564
1130887 746222
1131342 780138
1139243 721165
1165286 534519
1166534 193278
1166536 193277
1166538 193276
1166540 193275
1166542 193274
1166544 193273
1166546 193272
1166548 193271
1166550 193270
1166552 193269
1166554 193268
1166556 193267
1166558 193266
1166560 193265
1166562 193264
1166564 193263
1166566 193262
1166568 193261
1166570 193260
1166572 193259
1166574 193258
1166576 193257
1166578 193256
1166580 193255
1359835
7
10 10
15 5
20 9
25 5
30 10
35 5
40 10
49
2
10 10
11 10
21
