30
3
3 4
4 10
6 10
9
3
3 4
4 10
7 10
9
2
6 6
10 3
13
2
6 6
10 3
14
99
126342 1000000
126665 655366
131037 524011
136848 745943
138702 722252
139565 501816
140924 621376
142635 783948
143236 547663
146848 609791
147689 616194
151438 898505
152744 815397
155413 502486
162349 563433
174100 957844
177148 761480
189479 810719
195871 821806
199833 668716
202754 909523
217615 808339
219104 720393
240196 618335
242157 607687
357926 115766
357928 115765
357930 115764
357932 115763
357934 115762
357936 115761
357938 115760
357940 115759
357942 115758
357944 115757
357946 115756
357948 115755
357950 115754
357952 115753
357954 115752
357956 115751
357958 115750
357960 115749
357962 115748
357964 115747
357966 115746
357968 115745
357970 115744
357972 115743
473693 115765
589458 115765
592689 682049
601739 963407
607385 687770
611329 877928
614541 659075
615156 659218
616772 990738
621115 962032
633742 607015
637776 634655
648079 784050
649051 722365
650148 560056
658450 820149
664599 950111
665177 707307
665843 591637
668050 782427
670477 985410
689547 551247
691518 897722
691729 564736
696001 534436
705121 897812
820738 115614
820740 115613
820742 115612
820744 115611
820746 115610
820748 115609
820750 115608
820752 115607
820754 115606
820756 115605
820758 115604
820760 115603
820762 115602
820764 115601
820766 115600
820768 115599
820770 115598
820772 115597
820774 115596
820776 115595
820778 115594
820780 115593
820782 115592
820784 115591
936375
2
10 10
11 10
21
2
10 1000
100 10
110
99
10 66
11 74
12 96
13 97
16 75
17 82
18 75
19 54
20 25
30 10
40 10
41 83
42 90
43 59
44 40
45 21
46 15
48 38
49 100
58 9
67 9
68 43
69 11
70 13
71 18
72 70
73 93
74 27
76 97
85 9
94 9
95 16
96 80
98 95
99 41
100 74
101 34
102 12
103 53
112 9
121 9
122 45
123 60
124 18
125 36
127 46
128 88
129 65
130 69
139 9
148 9
149 17
150 82
151 39
152 85
153 91
154 54
155 15
157 73
166 9
175 9
176 19
177 84
178 51
179 21
180 91
181 11
183 61
184 20
193 9
202 9
203 69
204 100
205 55
207 31
208 33
209 82
210 41
211 28
220 9
229 9
231 25
232 74
233 44
234 64
235 45
236 72
237 49
238 21
247 9
256 9
257 42
259 90
260 62
261 81
262 46
263 41
264 61
265 33
274
99
795766 1000000
796543 877468
808626 887602
833123 771805
870543 566332
870761 793146
872570 934868
874344 939373
874934 782499
876630 606899
881578 922408
900495 852581
912985 946551
918624 649920
930077 943627
934442 990042
959738 522423
969237 734635
995673 585773
1026189 987943
1027558 898439
1048313 500240
1061262 898931
1082671 878986
1082940 975765
1092118 729513
1234119 809301
1236989 510525
1249458 812637
1267492 571782
1322694 860921
1334024 851997
1341219 808145
1342117 797836
1366706 951574
1386643 828346
1387008 869065
1389586 886926
1429836 937682
1445145 779591
1454577 551288
1496908 608693
1509187 742141
1533198 547443
1536706 921107
1557840 674295
1566209 867699
1567148 960409
1571293 650497
1583479 823968
1591436 795667
1591438 795666
1591440 795665
1591442 795664
1591444 795663
1591446 795662
1591448 795661
1591450 795660
1591452 795659
1591454 795658
1591456 795657
1591458 795656
1591460 795655
1591462 795654
1591464 795653
1591466 795652
1591468 795651
1591470 795650
1591472 795649
1591474 795648
1591476 795647
1591478 795646
1591480 795645
1591482 795644
1591484 795643
1591486 795642
1591488 795641
1591490 795640
1591492 795639
1591494 795638
1591496 795637
1591498 795636
1591500 795635
1591502 795634
1591504 795633
1591506 795632
1591508 795631
1591510 795630
1591512 795629
1591514 795628
1591516 795627
1591518 795626
1591520 795625
1591522 795624
1591524 795623
1591526 795622
1591528 795621
1591530 795620
1591532 795619
2387151
99
415589 1000000
831174 415582
831176 415581
831178 415580
1246756 415582
1662338 415582
2077916 415575
2077918 415574
2077920 415573
2493493 415573
2909066 415573
3324635 415566
3324637 415565
3324639 415564
3740201 415566
4155767 415566
4571329 415559
4571331 415558
4571333 415557
4986890 415557
5402447 415557
5818000 415550
5818002 415549
5818004 415548
6233550 415550
6649100 415550
7064646 415543
7064648 415542
7064650 415541
7480189 415543
7895732 415543
8311271 415536
8311273 415535
8311275 415534
8726808 415535
9142343 415535
9557874 415528
9557876 415527
9557878 415526
9973403 415527
10388930 415527
10804453 415520
10804455 415519
10804457 415518
11219974 415519
11635493 415519
12051008 415512
12051010 415511
12051012 415510
12466521 415511
12882032 415511
13297539 415504
13297541 415503
13297543 415502
13713045 415502
14128547 415502
14544045 415495
14544047 415494
14544049 415493
14959541 415494
15375035 415494
15790525 415487
15790527 415486
15790529 415485
16206014 415485
16621499 415485
17036980 415478
17036982 415477
17036984 415476
17452460 415476
17867936 415476
18283408 415469
18283410 415468
18283412 415467
18698879 415467
19114346 415467
19529809 415460
19529811 415459
19529813 415458
19945270 415459
20360729 415459
20776184 415452
20776186 415451
20776188 415450
21191638 415450
21607088 415450
22022534 415443
22022536 415442
22022538 415441
22437978 415442
22853420 415442
23268858 415435
23268860 415434
23268862 415433
23684294 415434
24099728 415434
24515158 415427
24515160 415426
24515162 415425
24930587
7
10 10
15 5
20 9
25 5
30 10
35 5
40 10
49
1
200000000 300000000
400000000
1
10 25
25
95
440377 1000000
446390 741963
519091 546902
633103 751529
734025 560737
756251 683078
779187 906204
788187 612005
1135985 347795
1135987 347794
1135989 347793
1135991 347792
1135993 347791
1135995 347790
1135997 347789
1483781 347794
1831575 347794
1862531 890095
1864500 798663
1930290 888447
1958631 855541
1966363 575192
2010205 802662
2103668 782169
2179357 347779
2179359 347778
2179361 347777
2179363 347776
2179365 347775
2179367 347774
2179369 347773
2527138 347777
2874915 347777
2875378 648908
2900388 835687
2901200 957840
3045032 608124
3063062 830959
3100393 840567
3161936 815645
3448945 287006
3448947 287005
3448949 287004
3448951 287003
3448953 287002
3448955 287001
3448957 287000
3735952 287005
4022957 287005
4043713 868041
4046558 948447
4073373 523371
4123683 826757
4126360 561085
4235282 762489
4261431 579353
4309950 286990
4309952 286989
4309954 286988
4309956 286987
4309958 286986
4309960 286985
4309962 286984
4596941 286989
4883930 286989
4923339 605000
4924389 767424
4956866 786050
4976329 977393
5004922 814159
5016494 646356
5156338 606839
5428734 272393
5428736 272392
5428738 272391
5428740 272390
5428742 272389
5428744 272388
5428746 272387
5701133 272387
5973520 272387
6028936 618008
6040830 733980
6076889 724753
6139325 688329
6164354 511104
6167467 647061
6183176 655559
6245895 272372
6245897 272371
6245899 272370
6245901 272369
6245903 272368
6245905 272367
6245907 272366
6518273
99
199802 1000000
227856 718525
229881 804133
248632 901208
254028 571664
261987 776030
303977 988144
341717 873753
365049 814404
373145 857180
399588 199783
399590 199782
399592 199781
399594 199780
399596 199779
399598 199778
399600 199777
399602 199776
399604 199775
599377 199777
799154 199777
850215 506229
873228 822510
901057 751369
903510 665602
906628 524687
945753 508415
956750 824067
984820 625853
996274 798933
1193378 197101
1193380 197100
1193382 197099
1193384 197098
1193386 197097
1193388 197096
1193390 197095
1193392 197094
1193394 197093
1390482 197098
1587580 197098
1624497 734163
1681173 891812
1701149 709750
1739951 530097
1743161 849115
1743427 859814
1752559 697999
1756336 612741
1759505 944139
1931414 171906
1931416 171905
1931418 171904
1931420 171903
1931422 171902
1931424 171901
1931426 171900
1931428 171899
1931430 171898
2103327 171899
2275226 171899
2302948 720870
2341664 709371
2370900 780521
2375699 526844
2387817 661812
2407251 786305
2418192 577380
2442342 836638
2444520 586704
2613798 169275
2613800 169274
2613802 169273
2613804 169272
2613806 169271
2613808 169270
2613810 169269
2613812 169268
2613814 169267
2783077 169271
2952348 169271
2953606 753645
2967495 543826
2982587 649600
2985858 750671
3019633 681102
3023552 520680
3068688 614514
3076431 833341
3091236 537418
3230108 138869
3230110 138868
3230112 138867
3230114 138866
3230116 138865
3230118 138864
3230120 138863
3230122 138862
3230124 138861
3368985
95
754409 1000000
794064 599806
797547 540443
820371 792752
842056 968449
914517 997341
1001352 873400
1096712 734040
1117546 815015
1146205 512540
1156143 705606
1197194 818594
1236280 744487
1321364 617893
1377679 814094
1490354 773880
2226271 735914
2226273 735913
2226275 735912
2226277 735911
2226279 735910
2226281 735909
2226283 735908
2226285 735907
2226287 735906
2226289 735905
2226291 735904
2226293 735903
2226295 735902
2226297 735901
2226299 735900
2962197 735902
3698099 735902
3747198 963748
3753710 877069
3775050 857672
3859981 819498
3894591 525959
4017963 578113
4036512 835138
4040798 736361
4184752 865180
4203002 857685
4233407 706576
4357244 570845
4378426 999289
4396948 535559
4397294 661586
5058852 661555
5058854 661554
5058856 661553
5058858 661552
5058860 661551
5058862 661550
5058864 661549
5058866 661548
5058868 661547
5058870 661546
5058872 661545
5058874 661544
5058876 661543
5058878 661542
5058880 661541
5720407 661554
6381962 661555
6387868 698203
6478789 648011
6507136 612019
6543596 988427
6595437 764689
6627489 853625
6659828 611728
6697402 714545
6835305 782212
6864857 670794
6873452 929604
6883495 731928
6991808 525502
7015957 928080
7029165 696979
7043489 661524
7043491 661523
7043493 661522
7043495 661521
7043497 661520
7043499 661519
7043501 661518
7043503 661517
7043505 661516
7043507 661515
7043509 661514
7043511 661513
7043513 661512
7043515 661511
7043517 661510
7705027
99
944130 1000000
1888226 944093
1888228 944092
1888230 944091
1888232 944090
1888234 944089
1888236 944088
1888238 944087
1888240 944086
1888242 944085
1888244 944084
1888246 944083
1888248 944082
1888250 944081
1888252 944080
1888254 944079
1888256 944078
1888258 944077
1888260 944076
2832334 944078
3776412 944078
4720456 944041
4720458 944040
4720460 944039
4720462 944038
4720464 944037
4720466 944036
4720468 944035
4720470 944034
4720472 944033
4720474 944032
4720476 944031
4720478 944030
4720480 944029
4720482 944028
4720484 944027
4720486 944026
4720488 944025
4720490 944024
5664505 944033
6608538 944033
7552537 943996
7552539 943995
7552541 943994
7552543 943993
7552545 943992
7552547 943991
7552549 943990
7552551 943989
7552553 943988
7552555 943987
7552557 943986
7552559 943985
7552561 943984
7552563 943983
7552565 943982
7552567 943981
7552569 943980
7552571 943979
8496548 943980
9440529 943981
10384476 943944
10384478 943943
10384480 943942
10384482 943941
10384484 943940
10384486 943939
10384488 943938
10384490 943937
10384492 943936
10384494 943935
10384496 943934
10384498 943933
10384500 943932
10384502 943931
10384504 943930
10384506 943929
10384508 943928
10384510 943927
11328426 943938
12272364 943938
13216268 943901
13216270 943900
13216272 943899
13216274 943898
13216276 943897
13216278 943896
13216280 943895
13216282 943894
13216284 943893
13216286 943892
13216288 943891
13216290 943890
13216292 943889
13216294 943888
13216296 943887
13216298 943886
13216300 943885
13216302 943884
14160186
99
311019 1000000
621944 310922
621946 310921
621948 310920
621950 310919
621952 310918
621954 310917
621956 310916
621958 310915
621960 310914
621962 310913
621964 310912
621966 310911
621968 310910
621970 310909
621972 310908
621974 310907
621976 310906
621978 310905
621980 310904
621982 310903
621984 310902
621986 310901
621988 310900
621990 310899
621992 310898
621994 310897
621996 310896
621998 310895
622000 310894
622002 310893
622004 310892
622006 310891
622008 310890
622010 310889
622012 310888
622014 310887
622016 310886
622018 310885
622020 310884
622022 310883
622024 310882
622026 310881
622028 310880
622030 310879
622032 310878
622034 310877
622036 310876
622038 310875
932875 310913
1243788 310913
1554607 310816
1554609 310815
1554611 310814
1554613 310813
1554615 310812
1554617 310811
1554619 310810
1554621 310809
1554623 310808
1554625 310807
1554627 310806
1554629 310805
1554631 310804
1554633 310803
1554635 310802
1554637 310801
1554639 310800
1554641 310799
1554643 310798
1554645 310797
1554647 310796
1554649 310795
1554651 310794
1554653 310793
1554655 310792
1554657 310791
1554659 310790
1554661 310789
1554663 310788
1554665 310787
1554667 310786
1554669 310785
1554671 310784
1554673 310783
1554675 310782
1554677 310781
1554679 310780
1554681 310779
1554683 310778
1554685 310777
1554687 310776
1554689 310775
1554691 310774
1554693 310773
1554695 310772
1554697 310771
1554699 310770
1554701 310769
1865470
4
5 5
8 3
9 4
11 3
14
99
943011 1000000
1885928 942914
1885930 942913
1885932 942912
1885934 942911
1885936 942910
1885938 942909
1885940 942908
1885942 942907
1885944 942906
1885946 942905
1885948 942904
1885950 942903
1885952 942902
1885954 942901
1885956 942900
1885958 942899
1885960 942898
1885962 942897
1885964 942896
1885966 942895
1885968 942894
1885970 942893
1885972 942892
1885974 942891
1885976 942890
1885978 942889
1885980 942888
1885982 942887
1885984 942886
1885986 942885
1885988 942884
1885990 942883
1885992 942882
1885994 942881
1885996 942880
1885998 942879
1886000 942878
1886002 942877
1886004 942876
1886006 942875
1886008 942874
1886010 942873
1886012 942872
1886014 942871
1886016 942870
1886018 942869
1886020 942868
1886022 942867
2828865 942890
3771756 942891
4714553 942794
4714555 942793
4714557 942792
4714559 942791
4714561 942790
4714563 942789
4714565 942788
4714567 942787
4714569 942786
4714571 942785
4714573 942784
4714575 942783
4714577 942782
4714579 942781
4714581 942780
4714583 942779
4714585 942778
4714587 942777
4714589 942776
4714591 942775
4714593 942774
4714595 942773
4714597 942772
4714599 942771
4714601 942770
4714603 942769
4714605 942768
4714607 942767
4714609 942766
4714611 942765
4714613 942764
4714615 942763
4714617 942762
4714619 942761
4714621 942760
4714623 942759
4714625 942758
4714627 942757
4714629 942756
4714631 942755
4714633 942754
4714635 942753
4714637 942752
4714639 942751
4714641 942750
4714643 942749
4714645 942748
4714647 942747
5657394
23
10 65
11 80
12 76
13 21
14 83
15 92
16 78
17 48
18 13
19 61
20 81
30 10
40 10
41 21
42 52
43 43
44 18
45 84
46 20
47 50
48 72
49 67
50 14
60
2
10 10
11 10
20
3
5 5
7 5
9 5
21
99
977367 1000000
1085263 745493
1124621 659255
1404488 917522
1519943 938810
1954728 977358
1954730 977357
1954732 977356
1954734 977355
2932089 977355
3909444 977355
4520249 851805
4600349 723217
4636008 984232
4793903 778283
4886793 977346
4886795 977345
4886797 977344
4886799 977343
5864141 977344
6841485 977344
6945382 924700
6998399 938335
7431241 535979
7594618 834250
7818823 977335
7818825 977334
7818827 977333
7818829 977332
8796160 977333
9773493 977333
9894508 516910
9941603 533959
10065091 697829
10339428 840499
10750820 977324
10750822 977323
10750824 977322
10750826 977321
11728147 977321
12705468 977321
13018103 957661
13041307 914845
13083371 600846
13269815 825314
13682783 977312
13682785 977311
13682787 977310
13682789 977309
14660097 977310
15637407 977310
16009198 968115
16109467 925657
16305404 661566
16551068 619894
16614711 977301
16614713 977300
16614715 977299
16614717 977298
17592013 977300
18569313 977300
18830927 822833
19223836 625967
19348992 996112
19395272 706527
20128665 779670
20128667 779669
20128669 779668
20128671 779667
20908335 779670
21688005 779670
21815795 984769
22006595 841664
22139136 601522
22146558 786793
22605105 458544
22605107 458543
22605109 458542
22605111 458541
23063650 458543
23522193 458543
23625373 952107
23744369 831035
23766424 555189
23908894 621805
24295589 386692
24295591 386691
24295593 386690
24295595 386689
24682282 386691
25068973 386691
25086614 815654
25242504 636038
25266870 823956
25393889 925681
25455658 386682
25455660 386681
25455662 386680
25455664 386679
25842343
5
100 100
105 5
110 5
112 2
114 2
120
99
535836 1000000
1071668 535829
1071670 535828
1071672 535827
1607497 535829
2143326 535829
2679151 535822
2679153 535821
2679155 535820
3214975 535820
3750795 535820
4286611 535813
4286613 535812
4286615 535811
4822425 535812
5358237 535812
5894045 535805
5894047 535804
5894049 535803
6429850 535805
6965655 535805
7501456 535798
7501458 535797
7501460 535796
8037255 535797
8573052 535797
9108845 535790
9108847 535789
9108849 535788
9644636 535788
10180425 535789
10716210 535782
10716212 535781
10716214 535780
11251994 535780
11787774 535780
12323550 535773
12323552 535772
12323554 535771
12859325 535771
13395096 535771
13930863 535764
13930865 535763
13930867 535762
14466627 535764
15002391 535764
15538151 535757
15538153 535756
15538155 535755
16073909 535756
16609665 535756
17145417 535749
17145419 535748
17145421 535747
17681166 535749
18216915 535749
18752660 535742
18752662 535741
18752664 535740
19288403 535741
19824144 535741
20359881 535734
20359883 535733
20359885 535732
20895617 535732
21431349 535732
21967077 535725
21967079 535724
21967081 535723
22502804 535723
23038527 535723
23574246 535716
23574248 535715
23574250 535714
24109964 535714
24645678 535714
25181388 535707
25181390 535706
25181392 535705
25717096 535706
26252802 535706
26788504 535699
26788506 535698
26788508 535697
27324205 535697
27859902 535697
28395595 535690
28395597 535689
28395599 535688
28931287 535688
29466975 535688
30002659 535681
30002661 535680
30002663 535679
30538342 535679
31074021 535679
31609696 535672
31609698 535671
31609700 535670
32145370
99
865157 1000000
1730300 865140
1730302 865139
1730304 865138
1730306 865137
1730308 865136
1730310 865135
1730312 865134
1730314 865133
2595443 865137
3460580 865137
4325703 865120
4325705 865119
4325707 865118
4325709 865117
4325711 865116
4325713 865115
4325715 865114
4325717 865113
5190828 865115
6055943 865115
6921044 865098
6921046 865097
6921048 865096
6921050 865095
6921052 865094
6921054 865093
6921056 865092
6921058 865091
7786149 865091
8651240 865091
9516317 865074
9516319 865073
9516321 865072
9516323 865071
9516325 865070
9516327 865069
9516329 865068
9516331 865067
10381393 865072
11246465 865072
12111523 865055
12111525 865054
12111527 865053
12111529 865052
12111531 865051
12111533 865050
12111535 865049
12111537 865048
12976578 865055
13841633 865055
14706674 865038
14706676 865037
14706678 865036
14706680 865035
14706682 865034
14706684 865033
14706686 865032
14706688 865031
15571719 865031
16436750 865031
17301767 865014
17301769 865013
17301771 865012
17301773 865011
17301775 865010
17301777 865009
17301779 865008
17301781 865007
18166782 865013
19031795 865013
19896794 864996
19896796 864995
19896798 864994
19896800 864993
19896802 864992
19896804 864991
19896806 864990
19896808 864989
20761791 864994
21626786 864995
22491767 864978
22491769 864977
22491771 864976
22491773 864975
22491775 864974
22491777 864973
22491779 864972
22491781 864971
23356752 864971
24221723 864971
25086680 864954
25086682 864953
25086684 864952
25086686 864951
25086688 864950
25086690 864949
25086692 864948
25086694 864947
25951641
99
416826 1000000
833638 416809
833640 416808
833642 416807
833644 416806
833646 416805
833648 416804
833650 416803
833652 416802
1250453 416803
1667256 416803
2084045 416786
2084047 416785
2084049 416784
2084051 416783
2084053 416782
2084055 416781
2084057 416780
2084059 416779
2500834 416783
2917617 416783
3334386 416766
3334388 416765
3334390 416764
3334392 416763
3334394 416762
3334396 416761
3334398 416760
3334400 416759
3751152 416766
4167918 416766
4584670 416749
4584672 416748
4584674 416747
4584676 416746
4584678 416745
4584680 416744
4584682 416743
4584684 416742
5001425 416743
5418168 416743
5834897 416726
5834899 416725
5834901 416724
5834903 416723
5834905 416722
5834907 416721
5834909 416720
5834911 416719
6251625 416724
6668349 416724
7085059 416707
7085061 416706
7085063 416705
7085065 416704
7085067 416703
7085069 416702
7085071 416701
7085073 416700
7501770 416703
7918473 416703
8335162 416686
8335164 416685
8335166 416684
8335168 416683
8335170 416682
8335172 416681
8335174 416680
8335176 416679
8751855 416679
9168534 416679
9585199 416662
9585201 416661
9585203 416660
9585205 416659
9585207 416658
9585209 416657
9585211 416656
9585213 416655
10001866 416657
10418523 416657
10835166 416640
10835168 416639
10835170 416638
10835172 416637
10835174 416636
10835176 416635
10835178 416634
10835180 416633
11251809 416637
11668446 416637
12085069 416620
12085071 416619
12085073 416618
12085075 416617
12085077 416616
12085079 416615
12085081 416614
12085083 416613
12501696
99
10 10
11 48
13 13
14 11
15 20
16 52
18 74
19 52
20 67
30 10
40 10
41 36
42 37
43 29
44 87
45 19
46 81
47 83
49 24
50 10
60 10
61 57
62 49
63 35
65 28
66 61
67 53
68 53
69 36
70 10
80 10
81 60
82 50
83 58
84 59
85 36
86 87
87 39
88 87
90 10
100 10
102 91
103 48
104 50
105 86
106 57
107 48
109 39
110 54
120 10
130 10
131 75
132 50
133 46
135 41
137 68
138 51
139 32
140 70
150 9
160 10
161 63
164 23
165 52
166 22
167 50
168 56
169 93
170 98
180 10
190 10
191 59
192 64
193 52
194 83
197 59
198 21
199 79
200 28
210 10
220 10
221 23
222 69
224 24
225 100
226 67
228 20
229 29
230 14
240 10
250 10
251 52
252 94
253 82
254 83
255 38
257 66
258 94
260 35
270
7
10 10
15 5
20 9
25 5
30 10
35 5
40 10
45
