0
0
0
0
0
0
0
0
0
0
0
0
0
0
0
0
0
0
0
0
0
0
0
0
2 41 329 44 318
2 282 19 31 312
2 28 305 28 295
2 40 308 28 314
2 280 19 28 287
2 42 292 44 297
2 48 280 45 285
2 62 290 57 282
2 72 288 70 297
2 87 302 84 302
2 86 295 89 302
2 89 308 87 296
2 87 308 84 294
2 84 300 85 300
2 84 296 81 292
2 84 301 88 315
2 84 283 87 292
2 105 307 100 279
2 117 280 122 295
2 140 288 146 300
2 162 306 165 313
2 169 299 176 311
2 208 340 208 339
1 182 291
1 183 300
2 180 287 190 300
2 178 297 177 307
2 156 301 155 299
2 149 290 153 297
2 151 283 156 288
2 159 282 161 286
2 179 288 175 282
2 197 287 196 287
2 203 282 203 284
1 218 285
1 233 294
1 238 288
2 247 291 252 297
2 252 298 259 305
2 258 312 259 313
2 244 302 245 302
2 238 298 238 297
2 264 302 261 301
2 236 287 240 293
2 249 289 247 287
2 267 287 261 287
2 285 290 289 294
2 302 288 294 281
2 319 293 318 290
2 273 19 274 19
2 348 299 345 300
2 360 307 354 301
2 371 311 369 312
2 386 313 373 303
2 392 320 372 303
2 388 318 374 308
2 371 308 379 316
2 344 305 342 303
1 45 184
2 344 301 340 297
2 350 297 342 289
1 347 281
2 362 280 368 286
2 403 294 395 286
2 408 296 403 293
2 452 309 443 303
2 475 308 461 299
2 457 298 464 309
