2.900000
99.450000
0
136.700000
25.000000
30.800000
11.550000
31.400000
0
42.300000
0
3.950000
38.500000
0
0
9.050000
3.150000
9.500000
13.600000
8.250000
68.750000
40.900000
0
38.150000
20.000000
9.600000
25.150000
0
32.700000
21.450000
0
13.800000
0
0
41.950000
4.400000
0
0
13.500000
3.050000
0
5.900000
15.450000
8.250000
22.700000
0
32.550000
28.350000
0
4.100000
13.200000
12.300000
8.600000
3.050000
0
0
0
19.350000
16.750000
67.600000
9.750000
0
80.800000
9.850000
0
0
0
8.900000
139.900000
0
25.250000
91.900000
0
17.850000
9.150000
14.050000
0
0
5.300000
42.000000
0
2.350000
0
0
0
7.250000
2.850000
0
0
0
0
11.250000
0
21.850000
0
0
0
0
89.850000
0
0
240.250000
0
0
88.650000
15.100000
0
2.550000
5.100000
0
8.050000
0
28.500000
0
0
11.250000
4.250000
0
11.200000
43.100000
0
18.450000
2.300000
0
7.250000
0
27.050000
18.450000
0
0
0
0
4.700000
0
10.000000
21.800000
0
0
4.700000
0
0
14.900000
0
0
0
0
0
7.400000
35.500000
15.000000
4.200000
83.450000
2.950000
0
0
0
10.350000
0
0
70.800000
413.200000
12.300000
3.300000
19.200000
0
0
5.300000
0
0
10.900000
10.700000
122.750000
36.700000
5.400000
0
7.100000
8.100000
18.050000
10.900000
0
2.550000
40.600000
27.500000
3.050000
11.000000
5.400000
19.200000
0
7.400000
0
9.550000
102.600000
0
9.350000
3.500000
0
0
5.400000
3.400000
0
4.350000
6.350000
0
227.300000
6.900000
0
16.200000
0
0
13.550000
0
2.650000
0
14.150000
30.100000
0
89.100000
17.550000
0
0
142.850000
21.650000
4.650000
0
5.050000
11.150000
0
2.500000
5.300000
17.300000
0
0
0
0
0
4.550000
0
22.900000
0
25.750000
0
0
0
0
60.250000
74.900000
17.050000
14.350000
13.050000
11.900000
0
123.100000
0
6.100000
10.100000
123.350000
0
0
0
0
0
0
0
0
8.800000
26.150000
35.100000
10.650000
0
27.650000
6.150000
0
26.500000
0
0
3.300000
7.300000
0
10.200000
0
19.300000
0
12.300000
0
39.050000
0
4.200000
0
0
2.850000
0
0
12.900000
6.600000
95.400000
61.600000
0
25.350000
38.900000
0
7.850000
0
0
0
10.300000
0
0
0
0
0
0
12.000000
28.300000
27.800000
0
0
0
0
55.400000
0
0
0
0
0
0
3.650000
0
3.550000
0
0
10.150000
118.700000
9.300000
5.950000
9.100000
0
51.800000
3.750000
0
0
0
0
0
0
14.900000
0
138.700000
26.700000
6.450000
44.250000
0
0
2.450000
6.650000
0
3.000000
0
156.550000
0
14.850000
0
4.600000
0
0
14.950000
12.100000
12.050000
0
2.100000
4.850000
0
0
2.150000
0
2.150000
9.350000
0
0
8.100000
10.850000
0
7.400000
0
2.800000
3.550000
3.000000
5.350000
39.000000
0
5.250000
22.800000
2.650000
13.250000
2.600000
0
28.000000
2.550000
9.450000
74.900000
13.200000
0
24.750000
3.550000
0
39.300000
0
0
0
0
7.700000
0
0
0
15.700000
28.400000
0
23.350000
0
30.150000
24.400000
0
0
2.100000
0
0
0
0
26.950000
0
2.600000
0
0
18.900000
28.050000
0
4.350000
2.850000
0
2.950000
5.300000
0
0
21.550000
0
0
29.500000
0
2.450000
12.900000
0
4.200000
9.000000
7.950000
0
14.600000
0
0
5.000000
0
40.050000
7.100000
0
14.100000
0
42.250000
0
15.350000
10.750000
10.750000
0
0
22.000000
22.150000
0
3.600000
46.400000
13.600000
143.100000
39.600000
0
4.550000
72.400000
0
14.150000
3.150000
3.850000
4.650000
3.750000
51.300000
20.850000
4.550000
3.300000
0
17.300000
0
13.050000
5.950000
0
0
2.600000
5.850000
0
0
0
3.350000
20.900000
0
0
0
9.650000
19.850000
0
5.650000
6.000000
0
3.050000
31.250000
7.200000
0
0
13.500000
0
2.400000
36.800000
7.800000
2.450000
0
2.600000
5.600000
12.050000
10.850000
9.400000
3.300000
0
3.400000
0
29.950000
15.150000
0
0
2.500000
0
7.550000
13.500000
0
0
0
0
8.950000
14.800000
0
0
29.150000
0
0
0
0
5.500000
0
11.350000
0
10.850000
0
0
0
0
13.000000
0
6.400000
0
0
0
3.450000
11.050000
5.900000
0
0
27.900000
0
0
0
5.150000
6.500000
14.500000
7.350000
0
0
0
18.900000
56.850000
42.000000
0
0
84.500000
0
0
0
2.250000
0
0
14.000000
0
8.900000
16.300000
0
2.950000
6.600000
0
0
4.900000
32.650000
2.500000
0
0
7.200000
16.850000
0
32.400000
5.350000
0
0
0
5.000000
4.350000
0
41.950000
0
35.750000
8.800000
4.450000
27.900000
0
0
0
2.200000
0
10.200000
16.850000
2.650000
24.500000
0
22.250000
0
82.400000
9.150000
0
0
6.650000
8.050000
0
5.050000
0
19.300000
0
0
0
0
7.600000
2.150000
0
3.650000
0
2.300000
0
6.700000
0
7.700000
0
2.400000
0
2.950000
49.700000
0
27.950000
16.650000
8.250000
0
3.250000
7.150000
0
18.650000
9.950000
0
2.450000
42.800000
2.400000
0
7.100000
0
0
0
0
3.600000
13.100000
0
0
7.900000
3.450000
0
2.550000
12.650000
8.350000
36.250000
0
0
0
0
13.950000
7.500000
0
19.650000
10.550000
0
0
2.750000
0
6.100000
16.900000
44.300000
5.750000
44.200000
0
0
13.900000
0
7.250000
5.500000
2.200000
3.800000
12.300000
0
2.450000
0
0
3.200000
0
2.950000
12.250000
0
0
9.800000
7.600000
15.600000
5.700000
3.900000
11.350000
11.200000
12.250000
2.000000
3.050000
3.750000
0
3.500000
22.450000
0
0
10.650000
15.500000
0
8.900000
0
4.550000
0
27.700000
0
7.850000
25.800000
6.050000
0
11.300000
0
5.400000
17.200000
7.550000
2.150000
6.600000
0
0
0
5.450000
8.600000
0
4.750000
4.450000
0
0
0
10.500000
0
4.450000
0
13.000000
0
0
0
3.350000
5.150000
13.000000
7.400000
5.650000
0
12.100000
3.350000
8.200000
11.250000
17.150000
58.650000
0
0
8.800000
13.600000
22.100000
4.450000
6.600000
7.800000
5.550000
0
0
0
0
0
0
12.900000
7.850000
13.900000
12.200000
3.400000
6.050000
4.750000
0
11.800000
0
10.000000
0
9.050000
3.500000
6.650000
51.800000
0
2.550000
6.800000
0
0
12.950000
51.750000
8.250000
7.750000
4.650000
0
4.100000
4.000000
0
0
14.650000
4.000000
4.900000
0
0
4.800000
18.900000
9.800000
0
7.000000
2.900000
0
0
5.000000
0
4.250000
3.000000
0
45.700000
11.750000
2.150000
0
0
0
0
0
3.100000
0
0
0
0
0
0
0
0
25.400000
0
0
3.250000
0
15.250000
0
2.500000
0
15.250000
6.800000
0
2.450000
0
3.950000
0
0
0
5.400000
0
0
4.750000
3.300000
0
0
0
0
0
49.100000
0
3.350000
0
9.500000
28.100000
0
16.850000
0
0
0
0
2.750000
2.600000
13.600000
0
0
7.000000
2.900000
0
0
53.700000
3.800000
0
0
7.100000
13.600000
0
4.700000
3.100000
5.000000
0
0
0
0
0
0
0
17.300000
18.350000
0
0
3.200000
0
54.850000
16.500000
56.450000
0
0
0
24.950000
4.450000
0
2.650000
0
0
0
0
7.250000
0
9.200000
68.450000
0
0
0
0
5.850000
24.450000
0
12.700000
0
0
0
0
0
3.450000
0
0
0
0
0
0
0
0
8.350000
0
0
9.000000
0
0
0
28.500000
0
0
2.400000
7.050000
5.500000
3.900000
9.550000
3.150000
0
0
0
0
0
0
7.650000
0
0
2.600000
3.000000
0
0
0
0
2.250000
2.550000
0
0
18.800000
0
0
22.650000
0
2.450000
0
0
0
0
0
0
9.550000
0
0
11.450000
14.650000
6.950000
12.800000
39.050000
0
3.150000
0
0
0
27.750000
4.850000
8.850000
4.900000
0
0
28.150000
5.600000
0
0
5.900000
0
0
16.250000
2.050000
20.350000
12.450000
5.500000
4.600000
0
3.550000
4.400000
13.800000
0
8.550000
8.750000
0
0
0
0
0
0
4.850000
4.800000
0
2.150000
10.650000
0
4.350000
2.950000
2.250000
0
0
3.750000
0
0
0
0
31.900000
0
4.550000
0
5.100000
0
0
8.300000
2.700000
0
0
0
5.750000
14.000000
0
2.200000
2.750000
0
0
2.100000
0
8.600000
2.250000
0
2.850000
3.250000
3.350000
0
0
0
5.350000
0
0
0
5.450000
0
2.650000
2.150000
0
6.750000
0
53.850000
0
4.700000
0
0
6.900000
0
3.650000
13.750000
12.050000
6.600000
22.450000
2.400000
13.350000
0
0
0
5.200000
4.100000
0
0
0
0
0
0
9.950000
4.100000
0
0
0
0
0
10.700000
0
0
0
0
0
11.150000
0
0
0
0
0
11.850000
4.500000
0
9.800000
0
13.100000
0
0
0
7.000000
0
0
0
12.000000
3.250000
4.300000
9.100000
2.650000
0
0
5.900000
0
0
0
6.950000
0
7.400000
0
0
8.650000
8.050000
2.850000
0
13.000000
3.150000
8.500000
17.150000
0
19.200000
5.200000
0
9.400000
0
2.350000
0
3.150000
2.600000
0
0
13.400000
4.850000
19.750000
21.250000
5.100000
0
0
10.200000
0
4.700000
8.600000
0
0
0
4.600000
0
0
10.300000
0
7.950000
2.300000
0
8.750000
0
0
37.000000
21.450000
0
0
0
9.200000
3.400000
0
2.950000
3.000000
0
0
0
7.000000
3.050000
0
4.600000
14.500000
5.100000
25.550000
5.400000
0
16.000000
0
0
3.450000
12.050000
5.850000
36.750000
7.450000
0
9.300000
18.300000
11.600000
31.550000
10.800000
6.050000
0
33.800000
8.650000
24.950000
3.050000
0
2.750000
14.650000
2.700000
0
0
14.900000
7.400000
0
0
0
0
0
5.200000
0
13.550000
2.750000
0
2.750000
15.000000
0
6.900000
5.500000
0
0
0
14.650000
2.700000
7.800000
4.450000
4.500000
2.650000
5.000000
0
0
12.750000
0
10.250000
0
0
6.950000
22.000000
0
0
0
0
0
5.450000
0
11.650000
11.000000
2.550000
2.550000
0
0
11.050000
7.900000
0
3.750000
0
4.400000
0
0
0
0
9.500000
4.900000
27.800000
0
3.650000
0
0
0
11.700000
0
5.000000
0
16.350000
0
0
0
3.100000
3.600000
0
3.300000
18.950000
2.500000
0
0
0
0
0
2.900000
19.350000
0
0
0
0
9.150000
0
0
4.800000
0
3.800000
4.600000
0
0
0
8.050000
2.400000
0
0
4.900000
0
2.450000
3.350000
15.300000
0
65.500000
0
8.400000
0
2.350000
0
11.550000
0
12.700000
3.800000
0
0
0
0
5.150000
0
0
0
6.450000
0
2.350000
3.900000
4.200000
0
0
2.400000
0
11.400000
12.800000
0
0
2.400000
0
0
2.300000
0
13.750000
28.000000
4.700000
0
6.400000
15.450000
0
0
11.300000
2.950000
8.600000
5.450000
0
2.500000
31.600000
0
0
5.100000
0
0
0
0
2.400000
0
0
6.450000
3.150000
4.900000
0
0
0
0
0
0
4.700000
0
0
0
0
0
0
4.700000
0
2.450000
0
0
14.100000
0
0
5.200000
0
3.000000
4.400000
7.650000
0
7.550000
0
0
0
0
0
0
0
7.050000
0
0
4.900000
0
0
3.100000
6.250000
0
6.450000
0
0
3.600000
0
0
0
0
14.400000
0
0
3.900000
4.400000
0
0
0
0
0
7.200000
7.150000
0
0
0
0
0
2.300000
0
0
4.900000
0
0
0
3.900000
7.350000
23.250000
0
0
0
0
0
0
0
0
5.750000
15.250000
14.950000
4.050000
2.950000
0
0
4.250000
4.800000
0
0
20.200000
0
0
0
3.450000
0
4.650000
0
7.850000
0
0
0
0
4.700000
14.750000
0
0
0
13.400000
2.800000
2.800000
0
0
0
3.300000
0
2.300000
0
0
3.600000
10.650000
0
0
0
5.650000
0
0
0
0
0
17.650000
0
0
6.800000
4.550000
0
0
6.400000
0
0
0
4.150000
0
2.150000
3.350000
4.050000
0
2.650000
0
0
0
0
0
12.550000
6.700000
2.150000
5.350000
14.650000
24.450000
0
0
2.650000
0
0
3.050000
0
0
0
0
0
0
19.100000
30.300000
0
0
0
0
0
0
0
0
0
2.700000
6.800000
2.450000
0
2.800000
0
0
0
5.550000
2.450000
0
0
0
0
3.700000
0
0
0
0
0
4.950000
10.750000
6.000000
0
0
2.650000
3.450000
0
0
0
0
0
0
0
0
17.550000
0
2.900000
0
8.800000
0
0
0
4.950000
0
17.400000
0
0
9.800000
0
7.500000
5.000000
0
0
0
5.700000
8.000000
0
0
0
4.550000
0
12.550000
0
0
9.500000
0
0
0
0
0
0
0
0
0
0
4.000000
0
6.800000
0
0
0
3.600000
8.250000
2.450000
0
0
0
5.350000
0
0
0
31.350000
2.600000
20.650000
0
0
0
0
0
0
7.350000
0
0
0
0
2.400000
0
7.650000
0
3.700000
0
0
0
0
0
0
4.100000
0
0
2.950000
4.600000
2.400000
2.150000
0
0
0
2.900000
0
3.100000
0
2.550000
0
0
0
0
2.950000
0
0
0
0
2.550000
0
2.300000
0
17.800000
0
0
0
0
6.900000
5.500000
0
0
13.450000
7.500000
5.050000
0
16.500000
2.450000
53.550000
36.700000
4.650000
0
0
0
0
0
10.500000
0
0
0
0
0
0
0
0
0
0
2.550000
0
0
0
0
9.800000
0
2.600000
0
0
2.050000
7.150000
0
25.800000
3.400000
0
0
0
0
0
0
0
0
0
0
12.750000
0
3.750000
24.450000
0
0
0
0
5.100000
6.200000
0
0
0
0
3.500000
16.050000
15.150000
4.350000
0
0
2.950000
9.950000
0
0
4.300000
25.000000
0
4.850000
0
0
0
3.900000
14.200000
2.600000
4.150000
9.500000
0
0
0
8.700000
0
0
0
0
0
0
35.700000
3.950000
0
0
5.800000
4.500000
0
10.150000
15.100000
13.700000
0
0
0
0
0
0
0
0
0
8.300000
0
0
4.550000
2.900000
0
0
0
0
0
0
0
5.900000
0
8.100000
0
0
0
7.250000
0
5.800000
0
0
0
10.600000
0
0
0
0
0
26.350000
0
0
7.450000
0
0
9.050000
0
4.050000
0
0
2.700000
0
7.450000
11.750000
0
0
5.600000
0
0
0
0
0
0
0
0
9.750000
0
6.800000
0
0
0
3.900000
0
0
0
0
0
0
0
0
3.400000
2.200000
0
0
8.900000
0
0
0
0
0
6.900000
0
2.950000
0
27.200000
0
2.400000
0
12.550000
10.150000
0
9.250000
25.800000
0
0
0
0
0
0
0
0
15.950000
0
0
0
0
0
0
0
0
0
4.550000
0
0
0
0
3.200000
0
0
0
0
0
0
0
0
0
6.400000
0
0
0
0
8.800000
0
0
0
0
4.100000
0
0
0
0
0
0
0
7.500000
4.500000
0
2.700000
0
0
0
0
0
2.400000
0
0
0
5.850000
0
0
0
0
8.400000
5.850000
27.050000
0
14.800000
21.050000
0
7.950000
26.050000
4.200000
10.650000
10.400000
15.750000
13.200000
3.050000
7.000000
0
0
51.950000
15.300000
2.200000
7.550000
2.050000
7.650000
22.100000
3.050000
5.250000
2.550000
0
0
0
0
0
0
0
0
0
0
0
2.400000
0
3.150000
9.850000
0
0
2.600000
0
20.650000
0
0
9.150000
0
3.200000
0
0
0
0
0
0
0
5.300000
0
0
2.150000
4.700000
0
0
14.900000
3.350000
0
0
0
6.650000
0
2.950000
0
2.150000
2.150000
0
0
0
0
0
0
0
0
0
0
9.500000
0
0
0
0
0
7.750000
0
2.600000
0
0
0
3.650000
5.000000
6.450000
0
0
0
0
0
0
3.350000
5.700000
8.000000
0
0
0
0
3.350000
0
0
0
0
0
0
13.550000
0
0
0
0
0
3.350000
0
0
2.850000
0
0
0
0
2.300000
0
0
2.550000
0
0
0
0
0
5.200000
0
0
7.400000
0
0
6.200000
12.100000
11.700000
2.600000
32.900000
0
0
6.750000
0
0
0
0
2.550000
0
0
7.050000
0
0
0
0
9.550000
0
0
0
0
4.700000
0
0
0
0
0
0
0
0
0
0
2.950000
0
0
10.800000
6.350000
0
0
4.850000
0
0
0
2.400000
3.000000
0
2.400000
0
0
0
3.500000
2.400000
6.650000
2.250000
9.150000
5.400000
0
0
0
0
3.550000
0
0
4.300000
0
0
0
0
0
0
2.100000
0
0
10.950000
0
0
4.950000
0
19.600000
0
0
0
2.500000
0
0
0
0
7.750000
0
0
3.450000
0
0
0
0
0
0
0
5.000000
2.450000
0
0
0
0
0
4.850000
0
0
0
0
18.550000
0
3.650000
0
7.300000
0
18.500000
0
9.400000
0
0
0
0
0
0
0
0
0
0
0
0
0
0
0
0
0
0
0
15.400000
0
0
46.350000
0
0
0
4.750000
2.700000
24.700000
0
0
0
7.300000
0
0
0
0
0
0
0
0
23.600000
0
0
0
5.000000
0
0
4.800000
0
6.250000
0
0
3.050000
0
0
0
0
0
0
4.900000
2.550000
0
0
0
0
0
0
3.400000
2.350000
0
0
0
0
3.550000
0
2.150000
0
0
0
0
0
0
0
0
3.000000
0
0
0
0
0
0
4.050000
5.200000
3.750000
0
0
7.500000
0
2.450000
0
0
0
11.650000
0
0
0
5.350000
11.650000
3.050000
4.450000
0
0
0
0
0
0
0
0
3.000000
0
0
0
0
0
27.300000
0
0
0
0
0
0
23.450000
0
0
0
2.750000
2.200000
2.600000
0
51.600000
0
3.650000
0
0
0
0
0
3.200000
0
5.350000
2.250000
0
0
0
0
0
0
0
0
9.650000
20.600000
0
0
2.350000
0
0
2.500000
0
0
3.100000
0
0
0
0
0
9.700000
5.150000
7.850000
35.750000
0
0
0
0
0
14.600000
0
0
0
13.550000
0
0
0
0
0
0
5.250000
0
0
0
3.000000
0
0
0
0
0
2.850000
0
0
2.750000
0
0
0
0
0
0
0
0
4.500000
0
5.000000
0
0
0
12.250000
0
0
0
0
5.700000
0
0
0
0
0
0
0
17.600000
11.400000
0
0
0
0
0
5.600000
0
0
0
19.150000
4.500000
5.750000
3.050000
0
3.750000
0
2.350000
0
2.800000
0
5.050000
0
0
0
4.050000
0
2.300000
0
2.550000
0
3.400000
0
0
3.000000
5.450000
2.100000
9.300000
32.500000
0
0
0
0
0
0
2.300000
0
0
0
0
0
6.700000
0
0
0
0
0
9.050000
9.000000
5.150000
4.050000
0
0
2.200000
2.550000
0
0
2.350000
0
0
0
0
0
0
2.750000
0
0
0
0
0
0
2.800000
4.850000
0
0
0
0
0
0
0
0
2.350000
0
0
3.150000
2.650000
0
0
0
0
0
0
0
4.650000
13.950000
0
0
0
0
3.400000
0
0
20.900000
2.350000
0
17.300000
0
0
5.100000
13.050000
0
0
0
0
0
2.400000
0
0
0
0
10.950000
0
2.100000
0
0
19.400000
0
0
0
2.900000
0
0
3.500000
0
9.300000
0
0
2.650000
3.750000
2.600000
0
0
0
0
7.200000
0
0
0
3.400000
9.550000
0
0
0
0
3.500000
0
0
2.550000
0
0
15.350000
0
2.300000
0
2.300000
4.750000
0
2.100000
4.400000
0
0
0
0
2.950000
0
2.750000
4.350000
0
3.750000
0
0
0
0
0
0
0
0
0
7.350000
0
4.450000
0
0
4.150000
0
14.400000
0
0
0
0
0
0
0
6.050000
0
0
0
9.200000
0
0
0
0
0
6.900000
0
2.250000
0
0
0
0
3.050000
0
4.750000
0
0
0
0
2.950000
0
0
0
3.450000
0
3.450000
0
13.400000
0
0
0
2.200000
0
7.950000
0
4.600000
0
0
13.550000
2.400000
7.050000
0
0
0
0
0
0
10.600000
0
0
0
21.400000
0
7.700000
0
8.450000
3.200000
0
4.700000
4.600000
0
3.650000
0
5.600000
0
0
0
0
0
0
2.850000
0
0
0
0
0
0
0
2.600000
0
0
0
0
4.000000
11.050000
35.650000
0
0
0
0
0
5.150000
0
0
0
0
0
13.000000
3.950000
0
2.450000
0
0
0
2.900000
0
5.850000
0
5.100000
0
0
0
0
0
0
0
0
0
0
0
4.700000
0
0
0
0
0
0
3.250000
28.800000
4.900000
0
0
3.200000
0
8.100000
0
15.050000
0
0
2.950000
0
0
2.350000
0
0
0
5.500000
0
0
5.500000
0
0
0
0
0
4.500000
0
0
3.250000
0
5.200000
0
0
3.350000
0
0
0
0
0
0
4.700000
0
0
0
0
0
0
3.100000
2.550000
0
0
0
0
0
2.300000
0
4.800000
39.650000
0
0
0
0
0
0
5.450000
0
9.650000
0
0
0
0
0
0
0
0
0
11.800000
2.350000
2.600000
4.450000
0
0
0
2.400000
0
0
0
2.400000
0
0
0
0
0
4.750000
0
4.550000
0
0
0
0
0
0
18.600000
0
0
4.550000
0
0
0
0
0
0
3.100000
2.950000
0
0
0
0
0
0
0
0
0
2.450000
0
0
0
0
0
0
0
0
0
0
0
0
0
0
0
5.350000
3.250000
0
0
4.950000
0
3.850000
0
0
0
0
0
0
0
0
0
6.850000
0
2.050000
21.200000
0
0
0
0
0
0
0
0
4.900000
13.400000
0
0
0
5.500000
0
25.400000
0
0
0
5.850000
0
0
0
0
0
0
16.700000
0
0
3.750000
0
0
0
0
0
0
0
2.400000
2.150000
0
6.250000
7.200000
2.100000
0
2.800000
0
0
0
0
0
0
0
0
0
0
0
0
0
0
0
2.450000
0
0
2.350000
0
2.800000
0
2.650000
0
2.200000
0
0
0
7.050000
0
0
0
0
0
0
7.250000
0
0
0
0
0
0
0
0
0
7.550000
2.600000
0
0
0
0
3.750000
0
0
0
0
0
0
0
7.450000
0
0
0
0
0
0
2.500000
2.750000
0
2.300000
0
0
0
0
0
0
4.750000
0
6.850000
2.600000
0
0
0
2.100000
0
0
2.800000
0
0
0
0
5.150000
2.200000
0
0
0
6.650000
0
0
0
0
0
29.300000
0
0
14.100000
0
0
0
0
0
4.650000
0
3.900000
0
0
6.350000
0
33.800000
4.200000
8.050000
0
0
0
0
0
0
3.250000
0
0
3.250000
0
2.200000
0
0
0
2.650000
2.700000
0
0
0
0
7.300000
2.400000
2.700000
0
4.750000
0
0
0
3.300000
0
0
0
3.100000
0
7.600000
0
0
2.800000
3.300000
0
0
3.050000
9.050000
0
0
0
0
0
5.000000
2.300000
0
0
0
0
0
0
2.600000
0
0
0
0
0
2.300000
0
0
4.350000
0
0
0
0
0
3.350000
0
0
0
0
0
4.950000
0
0
0
0
0
0
5.200000
0
0
0
16.800000
5.500000
0
0
0
0
0
2.700000
0
0
0
0
0
0
2.950000
0
0
2.800000
0
0
2.100000
5.150000
0
0
0
0
0
0
0
5.150000
0
0
0
0
12.150000
0
0
0
2.400000
23.600000
0
25.400000
8.400000
4.950000
18.050000
0
0
0
0
0
0
0
0
0
0
0
0
0
2.100000
0
0
0
0
2.600000
2.400000
0
0
0
0
0
0
0
0
0
0
0
0
0
0
4.400000
0
0
0
0
0
0
2.250000
0
0
0
0
0
0
0
2.550000
0
0
0
0
0
0
0
0
0
2.200000
0
0
0
0
0
0
3.000000
0
0
0
0
0
0
0
0
0
0
0
0
0
0
0
0
2.400000
2.150000
0
0
0
2.100000
3.300000
2.100000
0
0
3.050000
0
2.900000
0
0
2.600000
0
0
0
0
0
0
2.800000
0
0
0
0
0
0
0
0
2.150000
0
0
2.400000
0
0
0
0
0
0
0
0
0
0
0
0
0
0
0
2.350000
0
0
0
0
0
0
0
0
0
0
0
0
0
0
0
0
2.400000
0
0
0
9.000000
0
0
0
0
0
0
0
0
7.250000
2.250000
0
0
0
4.650000
0
0
6.100000
0
0
0
2.300000
8.850000
0
6.150000
2.350000
0
0
0
0
0
0
0
0
0
0
0
0
0
0
0
0
0
0
0
0
11.350000
0
0
0
2.500000
0
0
0
0
2.400000
0
4.450000
0
0
0
19.500000
0
0
0
2.800000
0
0
0
0
0
0
0
4.300000
0
0
0
0
2.100000
5.100000
0
0
26.050000
0
2.850000
0
0
2.250000
0
0
34.050000
0
5.500000
0
0
0
0
0
0
4.850000
8.150000
0
0
0
0
9.600000
2.750000
0
6.700000
0
0
0
0
0
0
0
0
0
0
0
0
0
0
0
0
0
0
2.200000
0
2.150000
0
2.100000
0
0
0
0
0
4.200000
2.400000
0
0
0
0
0
2.500000
0
0
0
0
0
0
0
10.200000
0
0
0
0
0
0
0
0
0
0
3.450000
2.650000
2.400000
2.500000
0
0
0
0
0
0
0
0
0
0
0
0
0
0
0
0
6.600000
0
0
0
7.650000
0
0
0
0
9.450000
0
0
4.700000
3.450000
0
2.600000
0
6.700000
0
4.850000
0
0
5.750000
4.700000
5.350000
0
0
0
0
0
4.850000
0
0
0
0
2.750000
5.250000
0
0
0
0
0
0
2.450000
0
0
2.700000
0
2.350000
0
0
2.950000
0
0
0
0
0
2.550000
5.650000
2.450000
0
0
0
8.600000
0
0
0
0
0
0
0
0
0
0
0
0
0
0
0
2.150000
0
0
0
0
0
0
0
6.300000
0
0
0
11.000000
0
3.000000
0
6.600000
0
0
0
0
0
0
0
0
0
0
20.350000
0
0
2.450000
0
0
0
0
0
0
4.700000
2.850000
0
0
0
2.400000
0
2.500000
0
0
0
0
0
0
0
0
0
0
0
0
0
2.400000
0
0
0
3.100000
0
0
6.800000
0
0
3.250000
0
0
5.150000
0
6.500000
0
2.300000
2.900000
4.100000
0
0
0
0
0
0
2.850000
0
0
0
0
0
0
0
4.200000
0
2.300000
2.500000
0
3.200000
0
0
0
0
0
0
0
0
0
2.500000
0
0
0
0
0
0
0
2.350000
2.400000
2.200000
3.750000
0
0
0
0
0
2.250000
0
0
4.400000
4.150000
2.600000
2.200000
0
4.500000
0
0
0
0
0
11.500000
0
0
0
0
0
0
2.500000
2.500000
0
0
0
0
0
3.700000
0
0
0
0
0
0
0
0
2.400000
0
0
0
0
0
8.450000
0
0
0
0
0
0
9.000000
0
0
0
0
0
6.450000
0
0
0
0
0
0
0
0
0
0
0
0
0
0
0
0
0
0
0
0
4.450000
0
0
0
0
0
0
4.400000
2.500000
0
0
0
0
0
0
0
0
0
2.800000
0
0
0
0
0
0
0
4.750000
2.100000
0
0
0
2.450000
0
0
0
0
0
3.400000
0
0
4.900000
0
0
2.950000
0
0
5.200000
0
0
4.350000
0
0
0
0
0
0
0
0
0
14.400000
0
0
0
0
0
0
0
0
0
0
0
0
0
2.800000
0
2.300000
0
0
0
0
2.400000
0
0
0
2.600000
0
2.500000
0
0
0
0
0
0
0
5.350000
2.400000
0
8.750000
0
2.800000
0
0
0
5.550000
0
0
25.950000
0
0
0
0
10.850000
0
0
0
2.650000
0
0
0
0
0
2.550000
0
0
0
0
0
5.300000
0
3.050000
0
0
4.300000
0
4.550000
0
0
0
0
2.500000
0
0
0
0
0
0
0
0
0
0
0
0
0
0
0
0
5.200000
0
2.750000
0
2.700000
2.700000
0
0
0
0
0
0
0
0
0
2.900000
0
0
0
0
2.200000
2.100000
0
0
0
0
0
0
0
0
0
0
0
0
0
0
2.650000
4.600000
0
0
0
0
0
2.900000
0
0
0
0
0
0
0
0
0
0
0
4.700000
2.400000
7.800000
6.750000
0
0
2.850000
0
0
0
2.650000
0
0
0
0
0
2.350000
0
7.900000
0
0
0
0
0
0
0
2.650000
0
0
0
0
0
0
0
0
0
3.050000
0
0
0
0
0
0
0
0
0
0
0
0
0
0
0
2.600000
0
0
0
0
0
0
0
0
0
4.400000
0
0
0
0
0
0
0
0
5.550000
0
0
0
0
0
0
0
3.500000
0
0
0
0
6.550000
0
0
0
0
0
8.150000
2.100000
0
0
0
0
0
0
0
0
0
0
0
0
0
0
0
0
4.500000
21.650000
0
0
3.300000
0
0
0
0
0
2.600000
0
0
0
0
0
0
0
0
0
0
0
0
0
0
0
0
0
0
0
0
0
0
0
0
0
0
0
0
3.100000
0
0
0
3.300000
2.450000
0
0
0
0
4.400000
0
0
0
0
0
4.600000
2.000000
0
0
0
2.200000
0
0
0
3.000000
0
0
7.350000
0
0
0
6.850000
2.650000
3.050000
0
4.400000
10.800000
0
0
0
0
0
0
0
0
0
0
0
4.450000
0
0
0
5.950000
0
0
0
0
0
0
0
2.200000
0
0
0
0
0
0
0
0
0
0
0
0
0
0
0
0
2.300000
0
0
0
0
0
0
0
0
0
0
2.950000
0
0
0
0
0
0
0
0
0
0
0
11.400000
0
0
2.400000
0
0
0
0
0
0
0
0
0
0
0
0
0
0
0
0
0
0
0
0
0
0
0
0
0
0
0
0
0
0
0
0
0
0
0
0
2.850000
3.950000
0
0
0
0
0
0
0
0
0
0
0
0
0
0
0
0
0
0
0
0
0
0
3.000000
10.050000
19.100000
0
0
0
0
0
0
0
5.100000
0
0
4.400000
0
0
6.900000
0
0
0
4.300000
0
0
0
0
0
0
2.750000
2.450000
0
0
0
0
0
0
0
2.700000
0
0
0
0
0
0
2.300000
2.250000
2.300000
2.550000
0
0
0
0
2.100000
0
0
0
0
0
0
0
0
0
0
0
0
0
0
0
0
0
0
0
0
0
0
0
0
0
0
0
0
0
0
0
0
0
0
0
0
0
0
3.250000
0
0
0
0
0
0
0
0
2.350000
0
0
0
0
0
0
2.050000
0
0
0
0
0
0
2.900000
10.050000
0
0
8.850000
6.650000
0
2.450000
0
0
0
0
2.400000
3.350000
0
0
0
0
0
0
0
0
0
0
0
0
0
0
12.250000
0
0
0
0
0
0
0
0
0
0
0
6.900000
2.250000
0
2.400000
0
0
0
0
0
0
0
0
0
4.550000
0
0
2.350000
0
0
0
0
0
7.850000
0
2.100000
0
0
0
0
0
2.100000
0
0
0
2.350000
0
0
2.300000
0
0
0
0
0
0
0
0
0
0
0
0
0
0
0
0
5.000000
0
2.300000
0
0
0
0
4.400000
5.050000
0
0
0
0
0
0
0
41.900000
0
0
0
0
20.950000
0
0
6.350000
0
0
0
0
0
0
2.000000
0
0
0
0
0
0
0
0
0
0
0
0
0
0
0
0
0
0
0
0
0
2.650000
4.350000
0
0
2.900000
0
0
0
0
0
0
0
0
0
0
0
0
0
5.350000
0
0
0
0
0
0
0
0
4.450000
0
2.100000
2.350000
0
0
0
0
0
2.500000
0
0
0
0
0
0
0
2.100000
0
0
0
7.100000
0
4.550000
0
0
0
0
2.550000
0
2.600000
0
7.050000
0
0
0
0
0
0
0
0
0
0
0
2.850000
0
0
12.250000
0
0
2.550000
0
5.750000
0
0
2.350000
0
3.900000
4.250000
0
0
0
0
0
4.600000
0
0
4.900000
0
0
0
0
11.000000
0
0
0
0
0
4.750000
0
0
0
0
0
0
0
0
0
0
0
2.350000
0
0
0
0
0
0
0
0
2.700000
0
0
0
0
0
0
4.450000
0
0
0
0
0
7.100000
0
5.050000
0
0
5.450000
0
0
0
0
0
0
2.750000
0
0
4.400000
0
0
0
0
2.400000
0
0
0
0
0
0
0
0
0
0
0
0
0
0
0
0
0
0
0
0
0
0
0
0
0
0
0
0
0
0
0
0
0
0
0
3.900000
10.050000
0
0
0
0
0
3.450000
0
0
0
0
0
0
0
0
7.700000
0
0
0
0
0
4.850000
0
0
6.900000
0
0
0
5.150000
0
0
2.050000
0
0
0
0
0
0
0
0
0
0
2.500000
2.500000
0
0
0
0
0
0
0
2.100000
0
0
4.500000
0
6.500000
0
2.600000
0
0
3.450000
0
0
0
0
0
0
0
0
0
2.100000
0
0
0
0
0
0
0
0
0
0
0
0
0
0
2.200000
4.750000
4.200000
0
4.150000
2.050000
0
0
0
0
2.350000
2.650000
0
6.900000
0
0
0
3.100000
10.700000
0
0
0
8.000000
0
0
0
0
0
0
4.600000
3.200000
0
0
0
4.450000
0
0
0
0
0
0
0
4.750000
0
0
0
0
0
0
0
0
4.800000
0
0
3.100000
0
0
2.400000
0
0
0
0
0
2.650000
0
0
0
0
10.100000
0
0
2.350000
4.800000
8.950000
0
2.100000
0
3.350000
0
0
0
0
2.500000
2.450000
2.600000
0
0
0
0
2.250000
0
0
0
0
0
0
0
0
0
5.250000
7.000000
4.600000
0
0
0
0
0
0
0
0
3.000000
0
0
2.650000
0
0
0
2.450000
0
0
0
0
2.650000
0
0
0
0
0
0
0
0
0
0
0
2.300000
0
0
0
2.450000
0
0
4.650000
0
0
0
0
0
0
0
0
0
37.850000
0
0
2.200000
0
4.050000
0
0
2.500000
2.600000
0
0
0
0
0
0
0
0
0
0
0
0
0
0
0
0
0
0
0
0
0
0
0
0
0
0
0
0
0
0
0
0
0
0
0
0
0
0
0
0
0
0
0
0
0
0
0
0
0
0
0
0
0
0
0
0
0
0
0
10.150000
0
0
0
0
0
0
0
4.400000
0
12.050000
7.600000
0
0
0
0
0
0
2.600000
0
2.450000
0
0
0
0
0
0
0
0
0
0
2.250000
4.400000
0
0
0
0
0
0
0
0
0
0
0
0
0
13.600000
0
0
0
0
4.250000
2.200000
2.950000
0
3.050000
3.550000
0
0
0
0
0
0
2.850000
7.800000
0
2.450000
0
0
0
0
5.250000
2.050000
0
0
0
6.700000
0
0
9.400000
0
0
0
0
0
0
0
0
0
3.550000
0
0
0
0
2.200000
0
2.650000
0
0
0
0
0
0
3.050000
0
3.200000
0
0
0
0
0
0
0
0
5.550000
0
0
0
0
0
0
0
2.600000
0
0
0
0
0
6.750000
7.000000
0
0
0
0
0
2.550000
0
0
0
5.000000
3.650000
0
0
0
2.550000
0
0
2.050000
0
0
0
0
0
3.750000
0
0
0
0
0
0
0
0
0
0
0
0
0
4.500000
0
0
0
0
0
4.250000
0
0
0
0
0
0
0
0
0
0
0
0
4.650000
0
0
0
0
0
0
3.100000
0
0
0
0
13.250000
0
0
0
0
0
0
0
0
0
0
0
0
0
0
4.050000
0
0
0
0
0
0
0
0
0
2.300000
0
0
0
0
0
0
0
0
0
0
0
5.400000
0
2.750000
0
0
0
0
0
0
0
0
0
0
0
0
0
4.000000
0
0
0
3.950000
0
0
2.150000
0
0
0
0
0
0
0
0
0
0
0
0
0
0
0
0
0
0
0
0
0
7.550000
0
0
0
0
0
0
0
0
0
0
0
0
0
0
0
0
0
0
2.100000
0
0
0
0
0
0
0
0
0
0
0
0
2.500000
0
0
4.850000
0
2.900000
0
0
0
0
2.300000
0
0
0
0
0
0
0
0
2.300000
0
0
0
0
0
4.950000
0
0
0
0
0
0
0
0
0
0
0
0
0
0
0
2.300000
0
0
0
0
0
0
0
4.800000
0
0
5.050000
4.350000
4.150000
0
0
0
0
2.750000
0
0
0
0
0
0
0
0
2.300000
0
0
0
2.150000
0
0
0
0
0
0
0
0
0
0
0
0
0
0
0
0
0
0
0
0
0
0
0
0
0
0
0
0
0
0
0
0
0
0
0
0
0
0
0
0
0
0
0
10.800000
4.250000
0
2.150000
0
0
0
0
0
0
7.150000
0
0
0
0
0
0
0
0
0
0
4.500000
0
0
0
7.350000
4.300000
0
0
0
0
0
0
0
0
0
0
0
0
0
0
0
9.000000
0
0
0
0
0
0
0
0
2.850000
0
0
0
0
0
0
0
2.150000
0
0
0
0
0
10.250000
0
4.700000
0
0
0
0
0
0
0
0
0
0
4.400000
0
6.500000
0
0
2.900000
0
0
0
0
0
0
4.550000
0
0
2.550000
0
4.450000
0
0
0
0
2.450000
0
8.800000
2.250000
3.200000
0
0
0
0
0
0
0
0
0
2.350000
0
0
0
0
0
0
0
0
0
0
0
0
4.800000
6.650000
0
0
0
0
0
0
0
8.900000
0
0
0
0
0
0
0
0
0
0
0
0
0
0
2.900000
0
0
0
0
0
0
0
0
0
0
0
0
0
0
0
4.350000
2.200000
0
0
0
0
0
0
0
0
0
11.050000
0
2.350000
0
0
0
0
2.650000
0
2.800000
0
0
0
0
0
0
2.950000
0
0
0
0
0
5.250000
0
0
0
0
0
0
0
0
0
0
0
0
2.250000
0
0
0
2.200000
0
0
2.400000
0
0
3.350000
0
2.150000
0
0
0
0
0
0
0
0
0
0
0
0
0
0
0
0
0
0
0
0
0
8.600000
0
0
0
0
0
0
0
0
0
0
2.100000
0
0
0
0
0
0
4.650000
0
0
0
0
2.250000
0
0
6.600000
0
0
0
3.200000
0
0
0
0
0
0
0
0
0
0
0
0
0
0
0
0
0
0
0
0
0
2.350000
0
0
0
2.550000
0
4.250000
0
0
2.250000
0
0
2.150000
0
0
0
0
0
0
0
0
0
0
0
0
0
0
2.350000
0
0
4.100000
0
0
3.450000
0
0
0
0
0
0
0
2.200000
0
0
0
0
0
2.300000
0
2.000000
0
0
0
9.300000
0
0
6.500000
0
0
0
0
0
0
0
0
0
0
0
0
0
0
0
0
0
0
0
0
0
0
0
2.150000
0
0
0
12.350000
2.250000
0
0
0
0
0
4.300000
0
0
0
0
0
2.200000
0
0
14.600000
0
0
0
0
0
0
2.400000
0
0
2.100000
0
0
0
0
2.150000
0
0
0
0
0
0
0
0
0
0
0
0
0
0
0
0
0
0
0
0
2.500000
0
0
9.150000
0
0
2.500000
0
0
0
0
0
0
2.450000
0
0
0
0
0
0
0
0
0
0
0
0
0
0
0
2.150000
0
0
13.750000
0
0
0
4.400000
0
0
0
0
0
0
0
0
0
0
0
0
0
0
0
0
0
0
0
0
0
0
0
0
0
0
0
0
0
0
0
0
0
0
0
0
0
0
0
0
0
0
0
0
0
0
0
0
0
2.600000
0
0
0
0
0
0
0
0
0
0
0
0
2.350000
0
0
0
0
0
0
0
8.350000
0
0
0
0
0
0
0
0
0
2.150000
0
0
0
0
0
4.750000
0
0
2.950000
0
0
0
0
0
0
0
0
0
0
0
0
0
0
0
0
0
0
0
0
0
0
0
0
0
0
0
0
0
0
0
2.450000
0
0
2.550000
0
0
4.400000
0
0
0
0
0
0
0
0
0
0
0
0
0
4.650000
0
0
0
0
2.100000
0
0
7.350000
2.150000
0
0
0
0
0
0
0
0
0
0
0
0
0
0
8.000000
0
0
0
0
0
8.350000
0
0
0
0
0
2.400000
0
0
0
0
0
0
0
4.200000
0
0
0
0
0
0
0
0
0
0
0
0
2.250000
5.900000
0
0
0
0
0
0
0
0
0
0
0
0
0
0
0
0
0
0
0
0
0
0
0
0
0
0
2.100000
0
0
2.400000
2.150000
0
0
18.400000
0
2.050000
0
0
0
0
0
0
0
0
0
0
0
0
0
0
0
2.750000
0
0
0
7.650000
0
0
0
0
0
0
0
0
0
0
0
0
0
0
0
0
0
0
2.800000
0
0
0
0
0
0
0
5.200000
0
0
2.300000
0
0
0
0
0
2.450000
0
0
0
0
2.200000
0
0
0
0
0
0
0
3.000000
0
0
0
0
0
0
0
0
0
0
0
2.350000
0
0
0
4.550000
0
0
2.400000
0
0
0
0
0
0
0
0
0
0
0
0
0
0
2.350000
0
0
0
0
0
22.300000
0
0
0
0
0
0
0
0
0
0
0
0
0
0
0
0
0
0
0
2.400000
0
0
0
0
0
0
0
0
0
0
0
0
0
0
0
0
0
0
0
0
0
0
0
0
0
0
0
0
0
0
0
0
0
2.050000
2.050000
0
0
0
2.050000
0
0
2.100000
0
0
0
0
0
0
0
0
0
0
0
0
0
0
0
2.350000
0
0
0
0
0
0
0
0
0
0
0
0
2.850000
0
0
0
0
0
0
0
0
0
0
0
0
0
0
0
0
0
0
0
0
0
7.200000
0
0
0
0
0
0
0
0
0
0
0
0
0
0
0
0
0
0
0
0
0
0
0
0
0
0
0
0
0
0
0
0
0
0
0
2.200000
0
0
0
0
0
0
0
0
0
0
0
0
0
2.600000
0
0
0
0
0
0
0
0
0
0
0
0
0
2.650000
0
0
0
0
0
0
0
0
0
0
0
0
0
0
0
0
0
0
0
2.650000
4.050000
0
0
2.600000
0
0
0
2.000000
0
0
0
0
0
0
0
0
0
0
0
2.300000
0
0
2.200000
0
0
0
2.150000
0
0
0
0
0
0
0
0
0
0
0
0
0
0
0
0
0
0
0
6.550000
0
0
9.200000
0
24.400000
6.450000
0
0
0
2.300000
2.100000
0
8.500000
0
0
0
0
0
0
0
0
0
0
0
0
0
0
0
0
7.850000
0
6.800000
0
0
0
0
0
0
0
0
0
0
0
0
0
0
0
0
0
0
0
0
0
0
0
0
0
0
2.050000
0
0
0
0
0
0
0
0
2.200000
2.450000
0
2.250000
0
0
0
0
0
0
0
2.350000
0
0
0
0
0
0
0
0
0
5.000000
0
4.250000
0
0
0
0
0
0
0
0
0
0
0
0
0
0
0
0
0
0
0
0
0
0
0
4.300000
0
0
0
0
0
0
4.700000
0
0
0
0
0
0
0
0
0
0
0
0
0
0
0
0
0
0
0
0
0
4.400000
4.900000
0
0
0
0
0
0
0
0
0
0
0
4.400000
0
0
0
0
0
0
0
0
0
0
0
0
0
0
0
0
0
0
0
0
2.250000
0
0
0
0
0
0
0
0
0
0
0
0
0
0
0
0
0
0
0
0
0
6.150000
0
0
0
0
0
2.400000
0
4.700000
0
0
0
0
0
0
5.000000
0
0
0
0
12.800000
0
0
0
0
0
0
0
0
0
2.150000
0
0
0
0
0
0
0
0
0
0
0
0
0
0
0
0
0
0
0
0
0
0
0
0
2.150000
0
0
0
15.650000
0
0
0
0
0
0
0
0
0
0
0
0
0
4.300000
0
0
0
0
0
0
0
0
0
0
0
0
0
0
0
0
0
0
0
0
0
0
0
0
0
2.800000
0
0
0
0
0
0
0
0
0
2.350000
0
0
0
0
0
0
0
0
0
0
0
0
0
0
0
0
0
0
0
0
0
0
0
0
0
0
0
0
0
0
0
0
0
0
0
0
2.200000
0
0
0
0
0
0
0
0
2.100000
0
0
0
0
0
0
0
0
0
0
0
2.050000
2.100000
0
2.000000
0
0
0
0
0
0
0
0
0
0
0
0
0
0
2.450000
0
0
0
0
0
0
0
2.450000
0
0
2.200000
0
0
0
0
0
0
0
0
2.050000
0
0
0
0
0
0
4.400000
0
0
0
0
0
0
0
0
0
0
0
0
0
0
2.100000
0
0
0
0
0
0
0
0
2.550000
0
0
0
0
0
0
0
0
0
0
0
0
0
0
0
0
0
0
0
0
2.200000
0
2.200000
0
0
0
0
0
0
0
0
0
0
0
0
0
0
0
0
0
0
0
0
0
0
0
0
2.350000
0
0
0
0
0
0
2.850000
2.450000
11.900000
0
0
0
0
2.300000
0
0
0
0
0
0
0
0
0
0
0
0
0
0
0
0
0
0
0
0
2.100000
0
0
0
0
0
0
0
0
0
0
0
4.150000
2.450000
0
0
0
0
2.900000
0
0
0
0
0
0
0
0
0
2.050000
0
0
0
0
0
0
0
0
0
0
0
0
0
0
0
0
0
0
0
0
2.400000
0
0
0
0
0
0
0
0
0
0
0
0
0
0
0
0
0
0
4.350000
0
0
0
0
2.400000
0
0
0
0
0
4.250000
0
0
0
0
0
0
0
2.200000
0
0
0
0
0
0
0
2.650000
0
0
0
0
0
0
0
0
0
0
0
2.150000
0
25.450000
0
2.200000
0
0
0
0
0
12.400000
0
6.200000
0
0
0
0
0
0
0
0
0
0
0
0
0
0
0
0
0
0
0
0
0
0
0
0
0
0
0
0
3.200000
0
0
0
0
4.800000
0
2.700000
0
0
0
0
0
0
0
0
0
0
0
0
0
0
0
0
0
0
0
0
2.000000
4.650000
0
4.200000
0
0
2.550000
0
0
0
0
0
0
0
20.950000
0
0
0
0
0
0
0
0
0
0
0
0
0
4.500000
0
0
0
0
0
0
0
0
0
0
0
0
3.900000
5.350000
2.400000
0
2.000000
0
0
4.400000
0
2.250000
0
0
0
0
0
0
0
2.300000
0
0
0
0
4.450000
0
0
0
0
0
0
0
0
0
0
0
0
0
0
0
0
0
0
0
0
0
0
0
0
0
0
0
0
0
0
0
5.400000
0
0
0
0
0
0
0
0
0
0
0
0
0
0
0
0
0
0
0
0
0
0
0
0
0
0
0
0
0
0
0
0
0
0
0
0
0
0
0
0
0
0
0
0
0
0
0
0
0
0
9.200000
0
0
0
0
0
0
0
0
0
0
0
0
2.500000
0
0
0
0
0
0
2.450000
0
2.200000
0
4.850000
0
0
0
0
2.050000
0
2.100000
0
0
0
0
0
6.650000
0
0
4.300000
2.000000
0
2.050000
0
0
0
0
0
0
0
0
0
0
0
0
0
0
0
0
0
0
0
0
0
0
0
0
0
0
0
0
0
0
2.100000
0
0
0
0
0
0
0
0
0
0
0
0
0
2.450000
2.250000
0
8.850000
0
7.050000
0
0
4.350000
0
0
6.450000
0
0
0
0
0
0
0
0
0
0
0
2.300000
2.200000
0
0
0
0
0
0
0
0
0
0
0
0
0
0
0
0
0
0
0
0
0
0
0
0
0
0
0
2.150000
0
0
0
0
0
0
0
0
0
0
0
0
0
2.100000
0
2.550000
0
0
0
0
0
0
2.200000
0
0
0
0
0
0
0
0
0
0
0
0
0
0
0
0
0
0
2.250000
0
0
6.050000
0
0
0
0
0
0
0
0
0
0
0
0
0
0
0
0
0
0
0
0
0
0
0
0
0
0
0
0
0
0
0
0
0
0
0
0
0
0
25.550000
0
0
0
0
0
0
2.400000
0
2.000000
0
0
0
0
0
0
0
0
2.150000
0
0
0
0
0
0
0
0
0
0
0
0
0
0
0
0
0
0
0
0
0
0
0
0
0
0
3.000000
0
0
0
0
0
0
2.050000
0
0
3.150000
0
0
2.300000
0
3.100000
4.000000
0
0
2.300000
0
0
0
0
0
0
0
0
0
2.100000
0
0
4.300000
0
0
0
0
0
0
0
0
0
0
0
0
0
0
2.150000
2.100000
0
2.300000
0
0
0
0
0
0
0
0
0
2.350000
0
0
0
0
0
0
0
0
0
0
0
0
0
0
4.700000
0
2.400000
0
0
0
0
0
0
4.750000
0
0
0
0
0
0
0
0
0
0
0
0
0
0
0
0
0
0
0
0
0
0
0
0
0
0
0
0
0
0
0
2.650000
0
0
0
0
0
0
0
0
0
0
0
0
0
0
0
0
0
0
0
0
0
0
0
0
0
0
0
0
0
0
0
0
2.300000
0
0
0
0
0
0
0
0
0
0
0
0
0
0
0
0
0
0
0
0
0
0
0
0
0
0
0
0
0
0
0
0
0
0
0
4.350000
0
0
0
0
0
0
0
0
0
0
0
0
0
0
0
0
0
0
0
0
0
0
0
0
0
0
0
0
0
0
0
0
0
0
0
0
0
0
0
0
0
0
0
0
0
0
0
0
0
0
0
0
0
0
0
0
4.300000
0
0
0
0
0
0
0
0
0
7.500000
0
0
0
0
0
0
0
0
0
0
0
0
0
0
0
0
0
0
0
0
0
0
0
0
0
0
0
6.600000
0
0
0
2.500000
0
0
0
0
0
0
2.450000
0
0
0
0
0
0
0
0
0
0
0
2.350000
4.300000
0
0
0
0
0
0
0
0
0
0
0
0
0
0
0
0
0
20.400000
0
0
0
0
0
0
0
0
0
0
0
2.300000
0
0
0
0
0
0
0
0
0
0
0
0
0
0
0
0
0
0
2.100000
0
4.900000
0
0
2.050000
0
0
2.100000
4.650000
13.350000
0
0
0
11.150000
0
2.150000
0
0
0
0
0
0
0
0
2.100000
0
0
0
0
0
0
0
0
0
0
0
0
0
2.400000
0
0
0
0
0
4.550000
0
0
2.200000
0
2.400000
0
0
0
0
0
0
0
0
0
0
0
0
0
0
0
0
0
0
0
0
2.200000
0
0
0
0
0
0
0
0
0
0
0
0
0
0
0
0
0
0
0
0
0
0
0
0
0
0
0
0
0
0
0
0
0
0
0
0
0
0
0
0
0
0
0
0
0
0
4.550000
0
2.300000
0
0
0
0
0
0
4.100000
0
0
0
0
0
0
0
0
0
0
0
0
0
0
0
0
0
0
0
0
0
0
0
0
0
0
0
0
0
0
2.450000
0
0
0
0
4.650000
0
0
0
2.400000
0
0
0
0
0
0
0
0
0
0
0
0
0
0
0
0
0
0
0
0
0
0
2.100000
0
0
0
0
0
0
0
0
0
0
0
0
0
0
0
0
0
0
0
0
0
0
0
0
2.150000
0
0
0
0
0
0
0
0
0
0
5.000000
0
0
0
0
0
0
0
0
0
0
0
0
0
0
0
0
0
0
0
0
2.250000
0
0
0
0
0
0
0
0
0
0
0
0
0
0
0
0
0
0
0
0
4.900000
0
2.250000
0
0
0
0
0
0
0
0
0
0
0
2.650000
0
0
0
0
0
0
0
0
2.350000
0
0
0
0
0
0
2.400000
0
2.200000
0
0
2.350000
0
0
0
0
0
0
16.550000
0
0
0
0
0
2.200000
0
0
0
0
0
0
0
0
0
0
0
0
0
0
0
0
0
0
0
0
0
0
0
0
0
0
0
0
0
0
0
0
0
0
0
0
0
0
0
0
0
0
0
0
0
0
0
0
0
4.800000
0
0
0
2.200000
0
0
0
0
0
0
0
0
0
2.400000
0
0
0
0
0
0
0
0
0
0
0
0
0
0
0
0
0
0
0
0
0
0
0
0
0
0
0
2.150000
0
0
2.050000
0
0
0
0
0
0
0
2.200000
0
0
0
0
0
0
0
0
4.200000
0
0
0
0
0
0
0
0
0
0
0
0
0
0
0
0
0
0
0
0
0
0
0
0
0
0
0
0
0
2.100000
0
0
0
0
0
0
4.350000
0
0
0
0
0
0
0
0
0
0
0
2.050000
0
0
0
0
0
0
0
0
0
0
0
0
0
0
0
0
0
0
0
0
0
0
0
0
0
0
0
0
0
0
0
0
0
0
0
0
0
0
0
0
0
0
2.200000
0
0
0
0
0
0
0
0
0
0
0
0
0
0
0
0
0
0
0
0
0
0
0
0
0
0
0
0
0
0
0
5.400000
0
0
0
0
0
0
0
0
0
0
0
0
0
0
0
0
0
0
0
0
0
0
0
0
0
0
0
0
0
0
0
0
0
0
0
0
0
0
0
0
0
0
0
0
2.250000
0
0
0
0
0
0
0
0
0
0
0
0
0
0
0
0
0
0
0
0
0
0
0
0
0
0
0
0
0
0
0
0
0
0
0
0
0
0
0
0
0
2.050000
0
2.100000
0
0
0
0
0
2.450000
0
0
0
0
0
0
0
2.000000
2.050000
0
0
0
0
0
0
0
0
2.200000
0
2.150000
0
0
0
0
0
0
0
0
0
0
0
0
0
0
0
0
0
0
0
0
0
0
0
0
2.150000
0
0
0
0
0
0
0
0
0
0
2.450000
0
0
0
0
0
0
0
0
0
0
0
0
0
0
0
0
0
0
0
0
0
6.600000
0
0
0
0
0
0
0
0
0
0
0
0
0
0
0
0
0
0
0
0
4.200000
0
0
0
0
0
0
0
0
0
0
0
0
0
0
0
0
2.200000
0
0
0
0
0
0
0
0
0
0
0
5.200000
0
0
0
0
0
0
0
0
0
0
0
0
0
0
0
0
0
0
0
0
0
0
0
0
0
0
0
0
0
0
0
0
0
0
2.150000
0
0
2.650000
0
0
0
0
0
2.150000
0
0
0
0
0
0
0
0
0
0
0
0
2.150000
0
0
0
0
0
0
2.000000
0
0
0
0
2.450000
0
0
0
0
0
2.100000
0
0
0
0
0
0
0
0
0
0
0
0
0
0
0
0
0
0
0
2.600000
0
0
0
0
0
0
0
0
0
0
4.500000
0
0
0
0
0
0
4.850000
0
0
0
0
0
0
0
0
0
0
0
0
0
0
0
0
2.250000
0
0
0
0
0
0
0
0
0
0
0
0
2.100000
0
0
0
0
0
0
0
0
0
0
0
0
0
0
2.200000
0
0
0
0
0
0
0
0
0
0
0
2.100000
6.800000
0
0
0
0
0
0
0
0
0
0
0
0
0
0
0
0
0
0
0
0
0
2.250000
0
0
0
2.050000
0
0
0
0
6.700000
0
0
0
0
0
0
0
0
0
0
2.400000
0
0
0
0
0
0
0
0
0
0
0
0
0
0
0
0
0
0
4.950000
0
0
0
0
0
0
0
0
0
0
0
0
0
0
0
0
9.900000
2.100000
0
0
0
0
0
0
0
0
0
0
0
0
0
0
0
0
0
0
0
0
0
0
0
2.150000
0
0
0
0
0
0
0
0
0
0
0
0
0
0
0
0
0
0
0
0
0
0
0
0
0
0
0
0
0
0
0
0
0
0
0
0
0
0
0
0
0
0
0
0
0
0
0
0
0
0
0
0
0
3.750000
0
0
0
0
0
0
0
0
0
0
0
0
0
0
0
0
0
0
0
0
0
0
0
0
0
0
0
0
0
0
2.100000
0
0
0
2.100000
0
0
0
0
0
0
0
0
0
0
0
0
0
0
0
0
0
0
0
0
0
0
0
0
2.250000
0
0
0
0
4.350000
0
0
0
0
0
0
2.200000
0
2.150000
0
0
0
0
0
0
0
0
0
0
0
0
0
0
0
0
0
0
0
0
0
0
0
0
0
0
0
0
0
0
0
0
0
0
0
0
0
2.250000
0
0
0
0
0
0
0
0
0
2.050000
0
0
0
0
0
0
0
0
0
0
0
0
0
0
0
0
0
0
0
