Case #1: 0.00000 0.00000 2.00000 0.00000
Case #2: 0.00000 0.00000 7.00000 0.00000 12.00000 0.00000
Case #3: 0.00000 0.00000 199957.00000 0.00000 399897.00000 0.00000 599808.00000 0.00000 799700.00000 0.00000 999585.00000 0.00000 1199448.00000 0.00000 1252578.00000 199839.00000 1052748.00000 0.00000 852928.00000 0.00000
Case #4: 0.00000 0.00000 100000.00000 100105.00000 99792.00000 100103.00000 99586.00000 100103.00000 99381.00000 100102.00000 99180.00000 100099.00000 98983.00000 100098.00000 98787.00000 100098.00000 98592.00000 100097.00000 98399.00000 100096.00000
Case #5: 0.00000 0.00000
Case #6: 0.00000 0.00000 199992.00000 0.00000 399952.00000 0.00000 599876.00000 0.00000 799752.00000 0.00000 999588.00000 0.00000 1199420.00000 0.00000 1399251.00000 0.00000 1599074.00000 0.00000 1798886.00000 0.00000
Case #7: 0.00000 0.00000 97627.00000 0.00000 176232.00000 0.00000 235373.00000 0.00000 285275.00000 0.00000 332779.00000 0.00000 369506.00000 0.00000 396284.00000 0.00000 416484.00000 0.00000 431371.00000 0.00000
Case #8: 0.00000 0.00000 190266.00000 0.00000 196076.00000 188825.00000 31942.00000 0.00000 0.00000 134924.00000 76893.00000 319873.00000 146380.00000 314902.00000 196076.00000 378874.00000 133926.00000 313080.00000 100223.00000 360369.00000
Case #9: 0.00000 0.00000 175064.00000 0.00000 340584.00000 0.00000 479939.00000 0.00000 594388.00000 0.00000 702422.00000 0.00000 801206.00000 0.00000 875934.00000 0.00000 931725.00000 0.00000 961373.00000 0.00000
Case #10: 0.00000 0.00000 193223.00000 0.00000 378855.00000 0.00000 549225.00000 0.00000 680439.00000 0.00000 775676.00000 0.00000 860304.00000 0.00000 934342.00000 0.00000 994073.00000 0.00000 1040034.00000 0.00000
Case #11: 0.00000 0.00000 162959.00000 0.00000 182887.00000 138872.00000 63720.00000 0.00000 0.00000 131970.00000 75568.00000 124522.00000 127277.00000 222896.00000 153092.00000 213413.00000 164861.00000 208850.00000 170647.00000 207430.00000
Case #12: 0.00000 0.00000 187162.00000 0.00000 359935.00000 0.00000 528774.00000 0.00000 690475.00000 0.00000 828987.00000 0.00000 941126.00000 0.00000 1025785.00000 0.00000 1079590.00000 0.00000 1112667.00000 0.00000
Case #13: 0.00000 0.00000 180087.00000 0.00000 326966.00000 0.00000 446959.00000 0.00000 554098.00000 0.00000 649434.00000 0.00000 734224.00000 0.00000 800424.00000 0.00000 854085.00000 0.00000 904079.00000 0.00000
Case #14: 0.00000 0.00000 150603.00000 0.00000 288580.00000 0.00000 403910.00000 0.00000 499364.00000 0.00000 571227.00000 0.00000 621670.00000 0.00000 670230.00000 0.00000 715811.00000 0.00000 755110.00000 0.00000
Case #15: 0.00000 0.00000 160390.00000 0.00000 288302.00000 0.00000 362468.00000 0.00000 411142.00000 0.00000 456045.00000 0.00000 500125.00000 0.00000 539620.00000 0.00000 574393.00000 0.00000 602374.00000 0.00000
Case #16: 0.00000 0.00000 184344.00000 0.00000 326644.00000 0.00000 421003.00000 0.00000 508142.00000 0.00000 581065.00000 0.00000 638142.00000 0.00000 690812.00000 0.00000 741665.00000 0.00000 768433.00000 0.00000
Case #17: 0.00000 0.00000 140095.00000 188723.00000 0.00000 373679.00000 140095.00000 534616.00000 12803.00000 524600.00000 0.00000 630814.00000 94236.00000 649930.00000 140095.00000 726259.00000 91009.00000 716007.00000 52529.00000 485025.00000
Case #18: 0.00000 0.00000 70281.00000 156953.00000 0.00000 289123.00000 70281.00000 404035.00000 0.00000 500705.00000 70281.00000 580950.00000 8742.00000 568137.00000 0.00000 610280.00000 28400.00000 628746.00000 49415.00000 628521.00000
Case #19: 0.00000 0.00000 160981.00000 0.00000 303272.00000 0.00000 437845.00000 0.00000 553673.00000 0.00000 630587.00000 0.00000 680350.00000 0.00000 724787.00000 0.00000 760607.00000 0.00000 781295.00000 0.00000
Case #20: 0.00000 0.00000 89214.00000 190521.00000 0.00000 362467.00000 89214.00000 510987.00000 0.00000 645161.00000 89214.00000 763117.00000 5389.00000 739936.00000 0.00000 794604.00000 34781.00000 827055.00000 53781.00000 825185.00000
Case #21: 0.00000 0.00000 133286.00000 173525.00000 0.00000 327484.00000 133286.00000 470116.00000 20207.00000 450231.00000 0.00000 533954.00000 59076.00000 558548.00000 92942.00000 548514.00000 110824.00000 542564.00000 118004.00000 537812.00000
Case #22: 0.00000 0.00000 180620.00000 0.00000 352676.00000 0.00000 504165.00000 0.00000 639761.00000 0.00000 765256.00000 0.00000 874055.00000 0.00000 973356.00000 0.00000 1069416.00000 0.00000 1149946.00000 0.00000
Case #23: 0.00000 0.00000 181106.00000 0.00000 336449.00000 0.00000 470337.00000 0.00000 596808.00000 0.00000 678046.00000 0.00000 710835.00000 0.00000 731709.00000 0.00000 742941.00000 0.00000 749622.00000 0.00000
Case #24: 0.00000 0.00000 190276.00000 0.00000 363610.00000 0.00000 524186.00000 0.00000 659950.00000 0.00000 764144.00000 0.00000 842926.00000 0.00000 896807.00000 0.00000 925631.00000 0.00000 936290.00000 0.00000
Case #25: 0.00000 0.00000 177067.00000 0.00000 350388.00000 0.00000 514793.00000 0.00000 660222.00000 0.00000 781837.00000 0.00000 880879.00000 0.00000 942591.00000 0.00000 968814.00000 0.00000 980924.00000 0.00000
Case #26: 0.00000 0.00000 196878.00000 0.00000 391293.00000 0.00000 517419.00000 138676.00000 444638.00000 126093.00000 388759.00000 121774.00000 340721.00000 118252.00000 297072.00000 0.00000 254322.00000 119780.00000 226008.00000 105376.00000
Case #27: 0.00000 0.00000 195086.00000 0.00000 334406.00000 0.00000 421604.00000 0.00000 504698.00000 0.00000 581351.00000 0.00000 651705.00000 0.00000 702025.00000 0.00000 732947.00000 0.00000 759021.00000 0.00000
Case #28: 0.00000 0.00000 154432.00000 0.00000 293595.00000 0.00000 427938.00000 0.00000 546845.00000 0.00000 654565.00000 0.00000 755331.00000 0.00000 846325.00000 0.00000 925106.00000 0.00000 990596.00000 0.00000
Case #29: 0.00000 0.00000 75242.00000 174855.00000 0.00000 335994.00000 75242.00000 481798.00000 0.00000 601048.00000 75242.00000 697428.00000 0.00000 778688.00000 54461.00000 763839.00000 75242.00000 799375.00000 57701.00000 785456.00000
Case #30: 0.00000 0.00000 150301.00000 0.00000 291598.00000 0.00000 406603.00000 0.00000 487911.00000 0.00000 555895.00000 0.00000 612921.00000 0.00000 655759.00000 0.00000 687003.00000 0.00000 704866.00000 0.00000
Case #31: 0.00000 0.00000 131714.00000 0.00000 223827.00000 0.00000 287556.00000 0.00000 339880.00000 0.00000 378519.00000 0.00000 407802.00000 0.00000 433014.00000 0.00000 451830.00000 0.00000 463247.00000 0.00000
Case #32: 0.00000 0.00000 135190.00000 179514.00000 0.00000 331885.00000 130086.00000 322189.00000 135190.00000 431498.00000 52942.00000 130168.00000 0.00000 432889.00000 54712.00000 425375.00000 94126.00000 496427.00000 120240.00000 490911.00000
Case #33: 0.00000 0.00000 179835.00000 0.00000 341716.00000 0.00000 470300.00000 0.00000 565664.00000 0.00000 650415.00000 0.00000 728635.00000 0.00000 798568.00000 0.00000 861832.00000 0.00000 916270.00000 0.00000
Case #34: 0.00000 0.00000 69453.00000 149253.00000 0.00000 292055.00000 69453.00000 432266.00000 0.00000 561426.00000 69453.00000 671440.00000 0.00000 771222.00000 59020.00000 732340.00000 69453.00000 752336.00000 56159.00000 745776.00000
Case #35: 0.00000 0.00000 186637.00000 0.00000 369885.00000 0.00000 547703.00000 0.00000 717919.00000 0.00000 831509.00000 0.00000 893438.00000 0.00000 954250.00000 0.00000 1006374.00000 0.00000 1035111.00000 0.00000
Case #36: 0.00000 0.00000 142902.00000 0.00000 157716.00000 133546.00000 37821.00000 0.00000 0.00000 119740.00000 85659.00000 242131.00000 157716.00000 322886.00000 87029.00000 315923.00000 39326.00000 91852.00000 21316.00000 165638.00000
Case #37: 0.00000 0.00000 184797.00000 0.00000 348279.00000 0.00000 488683.00000 0.00000 621455.00000 0.00000 724165.00000 0.00000 784846.00000 0.00000 823364.00000 0.00000 846356.00000 0.00000 858868.00000 0.00000
Case #38: 0.00000 0.00000 83531.00000 180885.00000 0.00000 311913.00000 83531.00000 398606.00000 5711.00000 398118.00000 0.00000 474928.00000 68690.00000 468306.00000 83531.00000 529358.00000 46897.00000 504980.00000 36958.00000 440595.00000
Case #39: 0.00000 0.00000 181699.00000 0.00000 336847.00000 0.00000 470950.00000 0.00000 597345.00000 0.00000 720171.00000 0.00000 837116.00000 0.00000 946514.00000 0.00000 1030925.00000 0.00000 1091489.00000 0.00000
Case #40: 0.00000 0.00000 186468.00000 0.00000 330584.00000 0.00000 432422.00000 0.00000 517296.00000 0.00000 588925.00000 0.00000 659813.00000 0.00000 729818.00000 0.00000 793696.00000 0.00000 826197.00000 0.00000
Case #41: 0.00000 0.00000 87153.00000 179285.00000 0.00000 354552.00000 87153.00000 524845.00000 0.00000 686830.00000 87153.00000 841033.00000 0.00000 965649.00000 87153.00000 1059900.00000 15208.00000 1038939.00000 0.00000 1086408.00000
Case #42: 0.00000 0.00000 113683.00000 171266.00000 0.00000 340625.00000 113683.00000 508776.00000 0.00000 647973.00000 109464.00000 646353.00000 113683.00000 730293.00000 64205.00000 611891.00000 27368.00000 720892.00000 8243.00000 705263.00000
Case #43: 0.00000 0.00000 81097.00000 181660.00000 0.00000 345411.00000 81097.00000 493406.00000 0.00000 628251.00000 81097.00000 746204.00000 0.00000 840552.00000 62847.00000 822623.00000 81097.00000 860851.00000 59986.00000 850424.00000
Case #44: 0.00000 0.00000 192235.00000 0.00000 352943.00000 0.00000 482829.00000 0.00000 610659.00000 0.00000 735107.00000 0.00000 843512.00000 0.00000 925275.00000 0.00000 973310.00000 0.00000 995332.00000 0.00000
Case #45: 0.00000 0.00000 174403.00000 0.00000 340485.00000 0.00000 383851.00000 158506.00000 233837.00000 0.00000 106681.00000 0.00000 0.00000 143811.00000 107882.00000 143695.00000 199996.00000 122822.00000 250036.00000 96400.00000
Case #46: 0.00000 0.00000 187673.00000 0.00000 272893.00000 179691.00000 98582.00000 0.00000 0.00000 179793.00000 163356.00000 345666.00000 272893.00000 501717.00000 134299.00000 0.00000 65213.00000 272172.00000 57026.00000 264793.00000
Case #47: 0.00000 0.00000 170906.00000 0.00000 300821.00000 0.00000 410620.00000 0.00000 502687.00000 0.00000 571152.00000 0.00000 625977.00000 0.00000 674004.00000 0.00000 720725.00000 0.00000 766503.00000 0.00000
Case #48: 0.00000 0.00000 142300.00000 0.00000 250004.00000 0.00000 333399.00000 0.00000 396642.00000 0.00000 424635.00000 0.00000 432335.00000 0.00000 438199.00000 0.00000 443572.00000 0.00000 448086.00000 0.00000
Case #49: 0.00000 0.00000 78943.00000 182743.00000 0.00000 342784.00000 78943.00000 494478.00000 0.00000 624030.00000 78943.00000 732062.00000 10329.00000 692958.00000 0.00000 721999.00000 19135.00000 712562.00000 28296.00000 790233.00000
Case #50: 0.00000 0.00000 136246.00000 182042.00000 0.00000 343476.00000 109556.00000 311362.00000 136246.00000 385200.00000 68272.00000 0.00000 19963.00000 429763.00000 0.00000 458572.00000 24230.00000 456088.00000 44100.00000 454212.00000
