50
2 6 6
1 1
3 320 2
2 3 4
10 1252671 1252671
99921 99909 99910 99965 99969 99949 99990 99981 99905 99987
10 100000 1570811
98 96 98 100 100000 98 98 101 96 101
1 339616 339616
84904
10 1000000000 1000000000
99922 99918 99979 99911 99937 99910 99925 99920 99957 99977
10 4001103 166273
71115 98667 78303 19575 2362 2716 9819 87372 69353 92154
10 328934 1239220
8597 82808 9852 39380 94359 12190 16610 8214 82602 33946
10 3787075 64682
4106 67399 17152 48203 42343 383 47799 39126 36403 38513
10 271087 1268826
56836 34687 65303 89868 59552 4701 3860 34531 9849 15818
10 590392 665237
38660 53548 74044 12457 49100 6302 31701 30390 82187 62208
10 272493 2235753
94470 66342 66435 93247 47124 77319 51230 28565 1028 26639
10 156674 4509748
90575 96707 39674 31241 98573 18147 72549 82682 2433 52186
10 126740 5292954
98828 78122 72907 1312 52087 62303 50254 91523 62959 7642
10 3867108 139572
96225 9892 78429 1121 96285 47569 13604 67555 32645 38772
10 72221 5679020
3332 97593 35931 38 66643 69003 29107 7228 25029 67493
10 184886 2356190
97060 43296 39520 31221 10381 27854 2507 99789 32532 44665
10 158125 2663317
43167 1787 38004 65760 54276 16432 43946 50945 96353 46354
10 252557 1858434
43251 76855 14829 6094 10720 28241 37307 63720 79500 95714
10 4681022 63474
4056 49192 52840 62 62059 27407 80530 16493 46290 13586
10 278737 2933517
29568 75831 50069 77797 72195 99984 94884 69037 80056 38525
10 1240878 416616
35299 37494 20509 93755 40916 87196 99552 16242 11011 38418
10 1504241 230537
34261 44885 11305 54843 43389 32458 11525 43372 79385 67088
10 3321429 167186
74138 1501 13863 83316 76581 17622 63776 95480 34663 46456
10 142296 4010741
98299 17384 17985 49490 13121 5860 91568 77283 48477 81738
10 6505575 75069
41717 78587 16518 2007 91367 26029 11503 51588 54279 90176
10 2150899 324012
12071 30055 75701 23689 88066 74287 92688 82207 26212 87840
10 6432181 91737
98710 52988 15617 98654 6983 34921 5181 55737 80842 64029
10 995484 506635
26992 60839 69878 65880 90888 27083 250 14922 2125 96090
10 243583 2767638
97087 49632 32938 50584 99312 77511 17877 65589 45789 69252
10 130011 4208181
80080 83119 57270 36777 5677 32759 20176 88582 37944 77955
10 5519504 94887
77861 63464 91024 73518 42987 33462 64422 27324 11378 39589
10 1379279 332635
40586 24332 94695 26609 37572 83276 9727 46280 31756 75511
10 4609715 105133
37786 35922 44898 88351 54890 5103 10875 94287 16695 77374
10 387394 1648752
70009 44094 6725 75013 74370 3817 68583 86366 98511 27049
10 3537573 129925
32750 8708 52061 69958 27843 94965 53385 84327 8275 26159
10 3433123 53432
47929 20016 49832 45003 29267 26549 24201 38925 28017 4950
10 81482 6839017
99309 20107 55115 93077 35781 59028 35588 41017 24368 72119
10 757824 605209
13598 26575 54926 16555 21663 97827 6998 64172 55480 87929
10 303111 2160357
90478 29246 49462 91490 10992 46604 90232 16111 35243 99463
10 98184 7935240
40817 97308 86771 54415 50942 97341 74291 86632 13863 51846
10 187819 2521712
69570 27042 25615 55162 86838 7356 82505 25917 2949 76153
10 127141 2906112
88909 17209 41364 19657 36300 22640 57394 547 75679 48702
10 65586 6007672
62830 6223 17262 37006 45483 9470 11090 93061 52207 75914
10 6061084 91796
61099 89342 7376 6551 63602 23150 16552 96045 96895 11811
10 70486 6404211
57310 43256 74707 8194 80427 31489 84752 19360 26913 46813
10 880654 618468
78645 59696 10752 54003 87602 2648 46628 64661 66249 58890
10 3354473 158490
95344 20637 81898 37099 84940 78057 17740 40549 28710 12444
10 3300957 84869
25093 68743 9814 13768 57786 22446 28088 65109 27000 50925
10 94846 3803645
60171 17860 40735 42432 35143 33392 48516 86337 58137 5417
