50
2 6 6
1 1
3 320 2
3 2 4
10 1252882 1252882
99948 99996 99994 99981 99974 99994 99968 99907 99931 99962
10 100000 1570811
100000 100 100 98 103 97 105 104 100 96
1 269436 269436
67359
10 1000000000 1000000000
99981 99978 99915 99998 99950 99946 99917 99939 99961 99998
10 92101 7690080
75879 97590 59938 92592 6846 7852 66826 70622 496 89889
10 2653811 134355
84675 25191 56198 23871 22733 37281 2245 40161 76683 41970
10 5531996 115491
26506 88115 46681 87389 46255 90526 25824 99520 37312 9632
10 775000 690687
37011 69670 51116 78567 23040 26353 89073 95042 22544 19164
10 1673433 363540
41376 79580 6735 24681 41068 50530 66891 81824 82865 88056
10 103703 6780695
61883 67234 65732 73195 13559 97687 86073 92359 16403 28339
10 173331 3101315
64639 26785 59904 32106 4913 95152 22049 79345 57115 74731
10 117574 6335742
97586 73782 70394 26006 67853 8511 87820 69374 34743 91738
10 5948868 65887
20205 34133 89630 56050 93934 13164 3661 35946 43588 1195
10 98211 4034818
88654 16591 99397 2591 44590 30315 8315 9555 52692 36896
10 7698943 81749
66894 26833 36685 76773 91916 28596 73112 96501 60129 9645
10 7145263 74337
35180 73009 63883 72405 89789 4717 48343 37660 76687 14231
10 789212 641977
28915 67365 79375 49363 8595 45280 63865 57630 80000 47110
10 4774455 141641
91611 88251 52945 34904 98572 11515 71022 43755 53072 56791
10 517446 1418459
14709 83524 79250 46614 50338 72117 59919 48938 94205 92118
10 3476023 183445
17525 77085 77631 34422 73939 88600 64233 87171 17304 42343
10 5246710 116086
41797 74851 56698 14093 97616 31864 90735 23982 91460 17156
10 7803189 79848
56183 9513 96280 51855 37535 73303 78756 61209 83013 28940
10 78546 7760323
91301 21061 24684 99842 1454 19527 33619 93097 84299 46478
10 5520657 111501
40183 2452 73651 11965 96350 96986 41473 19033 97788 40804
10 94237 6540154
80254 87825 88194 682 23539 64061 43000 94729 9110 41717
10 125916 3086506
32052 5276 29600 21002 77537 35361 46079 89929 57690 39598
10 2844673 265522
92647 72118 95304 65309 41770 68533 24186 60037 33296 95985
10 107646 5005147
24007 41217 53312 98567 42246 78571 52689 58969 29282 66317
10 106257 4326503
67481 62212 60217 97720 47097 39598 42400 4232 7819 44770
10 5535694 89861
89021 60122 55768 51035 87063 71002 19981 33703 8789 13433
10 92725 6813236
86991 51290 8412 91073 29848 46556 62535 95055 71873 22030
10 189864 3918454
14473 97907 87682 51350 16203 90946 95582 52643 27410 77784
10 6377790 89274
39923 34977 41302 24692 78872 63331 75379 87599 78671 36581
10 290086 2131900
73449 67530 64901 48698 76834 71355 94940 40350 1590 34537
10 4773182 79286
79654 16709 95105 8919 15865 21086 54118 58525 33610 12817
10 101800 4285213
78894 81619 13430 32582 26979 44920 2707 18368 32921 97311
10 689127 824560
23352 67887 88511 97259 103 9021 62775 34365 76912 51073
10 79837 5905630
5596 96541 29122 32574 71796 24367 98272 46893 33899 978
10 133566 5743284
18090 51459 85976 60060 97412 94671 78387 94425 12212 34638
10 1747375 269213
83323 51685 34007 70431 23481 23370 70263 11450 84886 29076
10 165249 3223449
36811 52465 18828 18695 7311 58769 84058 71846 84333 79071
10 268216 1491295
29719 25459 15062 99488 150 77144 27128 75101 1918 38431
10 1595855 312888
72741 28602 62403 81646 65431 28497 56756 9930 12268 80961
10 4357224 136170
8337 96514 64057 83040 90068 4096 12644 74228 23642 55055
10 161714 3907399
54556 82999 34882 35131 54380 39401 89659 61163 56376 91886
10 52991 4079017
1125 65849 52265 53873 29332 29905 1733 13768 3560 42771
10 107539 5367680
82535 37818 18315 19521 27277 81656 80120 47654 56369 92248
10 69669 6786389
45787 88943 20327 72454 38303 99659 18275 17744 35616 33356
