50
2 6 6
1 1
3 320 2
2 3 4
10 1252514 1252514
99915 99904 99938 99941 99984 99940 99957 99905 99962 99915
10 100000 1570811
105 101 96 98 105 105 100000 101 101 103
1 251632 251632
62908
10 1000000000 1000000000
99989 99990 99990 99962 99922 99941 99970 99973 99976 99992
10 76511 6987740
39499 87904 4205 54043 71008 34994 50689 72342 23708 84728
10 2061664 272883
54023 76868 47982 94973 86316 15179 13922 25050 53517 65576
10 5392728 135921
38110 61408 53382 55481 79272 85115 81572 65961 94979 44245
10 112873 4865777
97993 33684 56592 9354 55516 74721 63396 3498 46325 78064
10 73887 6511817
19485 95704 661 1056 13392 66236 36741 81862 43740 80985
10 4294275 89104
58745 58138 97696 23401 27644 46807 49581 4462 8899 43859
10 301502 2374890
83160 36971 99214 42445 25433 27440 97427 3009 77869 93232
10 871410 568728
59109 6521 56455 53550 61772 44654 97848 28300 73863 17853
10 103116 4689656
55287 51245 11292 72013 77793 38446 5540 23604 74645 78101
10 1357108 549875
51037 95823 68653 88008 18695 76571 60814 71227 89768 14799
10 2024619 236876
16542 32876 87590 59236 63986 31593 53531 472 61196 79327
10 3129655 158107
24672 87581 78162 13856 69261 27126 69320 34905 57626 45204
10 2534331 209485
44725 90041 43335 32393 61266 38813 68071 37953 22916 94362
10 914705 687967
74445 6740 88781 16820 61678 31208 45133 88803 76361 76007
10 4961093 58717
65837 8111 52289 19885 40503 75885 20609 49856 24925 9171
10 1362008 313765
56189 37039 26609 88931 20138 18967 65125 62928 49192 51708
10 6215394 97527
47402 27754 69115 32435 55685 89493 97257 24325 34952 85799
10 86024 5293430
41032 50611 90282 7622 80358 26145 28404 30565 39474 78070
10 5785094 113930
26018 69549 81598 68695 66545 37810 1851 29604 93357 98054
10 548033 731033
36577 80294 39263 71165 29944 33234 76806 12810 49867 23722
10 68133 5544549
25325 76865 95533 37158 10321 55215 2051 20253 24421 53164
10 5127973 125650
72481 22066 48668 59565 29342 82881 99721 34952 95690 36185
10 4517309 84938
2929 52898 64340 34496 97339 1189 22664 4938 19554 76768
10 133551 4856488
4726 84601 66637 15274 98154 39358 43206 55189 94539 66357
10 117242 6171616
66904 78146 97426 45147 25083 15759 93096 64242 90546 45615
10 7426835 93183
88720 23659 67987 57023 84211 16004 96846 35946 89673 41137
10 2858660 160598
39510 20467 81966 75061 61555 64592 59089 10272 55161 17127
10 2965950 201740
64623 63412 87268 8343 71497 88835 79712 23794 47699 3271
10 712382 736966
4475 27194 76612 5100 14150 98205 40773 42344 61240 98577
10 5868153 76565
74514 58742 38453 38237 11103 62362 94119 41787 34617 29054
10 1228143 637247
28656 57019 77016 91165 31343 87798 66972 91337 69961 71385
10 907867 276536
33614 69085 13054 20053 61839 6009 9529 44245 55348 23144
10 139470 2325329
674 40999 55920 94405 47160 34366 8575 49662 11082 29290
10 3417890 123379
90172 64862 12096 1488 51591 15642 58854 82691 16052 29897
10 89241 6922752
62893 79377 10263 80805 90621 51944 83378 27018 57422 23436
10 355702 1726877
96193 79908 34934 28186 87039 9208 73385 17624 15151 88686
10 62157 5099296
25687 14014 18714 15570 85179 58162 35337 25833 77358 13798
10 3194859 89658
80760 32850 89967 11668 3826 22982 35329 2512 23041 8713
10 2115451 264336
43000 17283 79696 34088 66417 57013 96929 88935 31081 2339
10 121728 2763511
39388 32099 65045 14372 12858 41238 37413 42063 27169 92862
10 91198 2975427
52944 1631 12295 6603 38040 40237 21514 19175 85088 56016
10 7193273 92683
31186 3731 94806 55418 89360 99088 4019 74594 54086 55568
10 1893550 320514
11125 33962 75298 79571 19050 16234 20540 93280 98733 76556
10 3055691 222731
93650 76089 49067 60157 70143 40461 34750 98224 44139 58146
