50
2 6 6
1 1
3 320 2
2 3 4
10 1252578 1252578
99981 99923 99940 99906 99964 99976 99945 99916 99947 99914
10 100000 1570811
102 98 105 96 103 97 98 99 100000 103
1 27176 27176
6794
10 1000000000 1000000000
99968 99956 99908 100000 99920 99904 99916 99916 99915 99992
10 2788027 46178
7325 14140 12638 34156 24985 53178 7562 24917 44449 22587
10 196076 3027381
95260 32258 95006 70315 3267 31714 93819 30436 39664 37229
10 6985461 78252
46124 52660 2461 28604 80280 55374 59075 85240 27187 89824
10 7052830 92760
33357 79924 51290 19587 26374 90446 43947 40681 95186 98037
10 182887 2053670
66375 3603 17649 90462 52792 34060 2183 8166 72497 41508
10 4250421 169769
51736 85247 87526 12195 78109 60403 32923 83592 99636 20882
10 4224431 117154
61613 27987 58380 25674 85266 38213 94821 48759 24320 46577
10 4222498 85385
23367 17085 25193 79115 48841 46613 22214 66489 25250 71488
10 2491002 113912
22269 17684 80604 17089 79786 22634 48126 10892 26040 21811
10 5309535 77632
27180 43026 92290 92054 50246 25363 29897 25490 1405 44113
10 140095 4545846
29669 92673 19063 47576 19417 92283 96050 46660 68654 58638
10 70281 5237293
24363 70859 37176 61311 86094 10395 10620 53601 17780 43069
10 5640438 74539
19885 70448 25211 64125 51703 24552 71843 89138 4753 15935
10 89214 6680092
69721 78799 53503 93147 30322 97374 8565 64453 24346 10435
10 133286 3493719
95716 46597 76150 5966 1214 21950 11916 77809 66482 37126
10 1161359 596224
48831 91623 83059 58329 50470 68430 47229 67166 88997 33301
10 3922804 119716
3947 95218 69455 2734 64433 7285 85888 19200 13589 62038
10 3744887 159643
91467 6586 81867 22238 47139 4073 31643 57055 98809 78709
10 3123770 196179
89314 87753 66592 3580 78837 44019 85568 8530 55023 17693
10 517419 1015340
30099 98457 95994 22258 21359 6955 21391 25780 98421 42682
10 4803591 89994
12154 17002 33318 39617 43721 99487 43477 13920 37036 95599
10 6644921 78403
30742 84620 69351 46961 34748 44033 64992 53805 53915 69812
10 75242 6773963
49775 76329 15730 1811 46605 34655 84810 90045 69475 19806
10 1272556 266644
32969 5400 18781 12463 72585 68712 77716 35015 46293 24057
10 3640210 51973
15222 74423 11151 7665 28907 23417 14061 57291 3752 34822
10 135190 3499459
33134 60195 82480 15815 97034 69891 10299 31113 23599 49114
10 4931199 103257
32213 44251 40500 31051 77471 37720 84410 51113 23387 95425
10 69453 6710476
10069 48951 76685 59183 50831 69977 3367 9927 70234 72568
10 1172915 581054
90115 31077 87703 93133 82513 30852 29960 93504 22164 6573
10 157716 2388128
43729 2169 38825 76011 41930 31862 66891 66655 53240 15841
10 4124464 127684
94765 8263 23789 73450 14729 66954 90032 65818 4249 36892
10 83531 4722915
30506 47539 97396 30546 83489 38666 6128 39154 3811 38144
10 2954280 217839
31756 56743 62624 28808 96883 60202 70332 52655 63771 84816
10 5838421 76548
49051 95139 35806 34923 52787 3546 35082 35823 28955 91329
10 87153 8657891
77385 85693 89711 76818 47798 46453 84600 21977 25492 89574
10 113683 5027070
1748 84496 84863 55542 30018 19460 17377 53922 83655 86403
10 81097 7152477
77143 63993 15769 86608 95052 53960 70852 22459 40388 5342
10 7492759 80440
63912 94740 65968 60536 63918 97495 47869 7881 14141 33894
10 383851 1779134
84591 81491 54157 11809 53883 38231 72999 89812 77015 53999
10 272893 3221045
84596 78760 77291 95197 87096 404 92476 87215 61303 7783
10 6088771 65681
55703 23696 22753 54096 30494 24331 74212 37971 96694 23025
10 1707328 131505
4724 78017 2888 39974 23269 64283 2029 2976 2485 43421
10 78943 6888665
4312 75379 99017 4849 14286 76315 83726 14755 53859 54173
10 136246 2999421
13357 35117 70835 90599 32857 15452 38721 8997 10873 91443
