10
20 1 2 3 4 5 6 7 8 9 10 11 12 13 14 15 16 17 18 19 20
20 120 266 858 1243 1657 1771 2328 2490 2665 2894 3117 4210 4454 4943 5690 6170 7048 7125 9512 9600
20 82881 40932 90792 99936 35727 78865 35869 59487 79680 6635 1195 11531 12615 65734 5589 39595 64213 73732 80071 62584
20 80564 66372 43544 18889 88222 95636 24247 2197 57084 8610 6329 68718 10532 14903 46947 96129 73431 72363 22098 32535
20 58860 65750 8147 87752 47613 48128 4328 44046 22139 68615 36185 17078 59886 46489 76247 77634 23055 84567 62982 71800
20 93364 24929 26572 67559 32202 88926 62345 92689 77657 83841 72905 17703 82759 22265 40022 36127 52412 77798 22407 14292
20 91373 6353 25396 12313 80600 22134 90318 32938 34176 3248 15221 34339 88236 49807 38970 32946 83488 90433 28454 82876
20 1353 4036 3536 2190 2747 2056 4609 1140 50 2099 4726 2858 566 46913 1996 2029 1686 738 4278 4220
20 2268 46836 2868 3390 2928 4182 1356 4194 3056 2010 206 4246 88971 1152 2856 3128 3776 3112 1100 1008
20 91631 12522 73702 60826 98765 99043 9375 70193 71768 27563 64546 84406 71198 7466 69272 66877 40567 89302 44227 2295
