50
100 3 3
500 500 500
500 500 120
500 140 500
10 10 10
10 10 10
10 10 10
100 3 3
500 100 500
100 100 500
500 500 500
10 10 10
10 10 10
10 10 10
421 9 8
1000 461 1000 1000 1000 912 131 395
442 1000 856 1000 706 907 788 725
935 1000 687 1000 33 897 256 854
97 1000 473 1000 937 836 110 970
295 1000 646 1000 537 884 787 98
829 1000 1000 1000 476 814 430 286
112 1000 313 1000 1000 641 601 972
239 1000 984 1000 940 359 677 702
929 1000 127 1000 692 856 578 452
1 380 411 1 1 733 117 385
426 1 850 1 697 827 748 721
888 1 682 1 30 746 218 809
57 1 449 1 936 53 92 940
267 1 636 1 514 651 764 78
816 1 1 1 465 181 381 238
80 1 293 1 996 451 16 932
231 1 972 1 935 343 481 665
913 1 87 1 690 842 171 5
620 5 2
1000 821
581 823
771 871
520 626
554 944
1 299
397 475
234 511
201 456
236 517
512 10 5
1000 108 368 398 102
494 1000 993 127 509
662 573 996 269 657
765 612 918 710 815
981 749 965 528 800
877 884 729 567 684
142 103 897 679 496
871 192 871 625 705
200 518 774 567 449
443 449 336 472 640
1 20 150 29 17
240 1 924 6 230
183 386 681 172 345
201 490 272 361 121
66 510 314 59 466
468 420 429 471 140
76 23 651 437 352
522 38 454 488 309
52 139 231 394 140
137 328 176 55 198
491 3 8
1000 924 552 715 862 670 568 534
860 989 763 818 612 698 946 775
877 755 846 892 718 899 711 900
1 253 312 211 162 340 117 235
312 663 241 612 469 359 215 680
221 311 654 71 550 526 333 489
60 10 10
434 417 784 736 923 962 972 703 370 966
406 596 768 925 828 266 715 772 820 500
960 782 910 704 894 84 987 908 887 667
701 994 921 791 789 792 798 977 939 991
928 487 879 959 708 798 877 817 791 463
952 907 920 550 555 519 993 953 875 914
882 546 492 853 764 403 886 957 964 539
984 997 803 960 957 784 881 911 919 855
629 617 665 953 989 169 837 861 728 369
722 792 429 974 903 680 515 890 999 914
120 178 420 678 678 729 908 500 184 946
145 305 411 677 275 119 675 635 774 400
907 484 646 246 838 76 693 898 709 197
106 984 492 562 329 67 457 706 884 952
53 406 878 893 327 273 109 522 578 216
779 103 831 375 238 138 706 67 549 873
752 519 106 811 499 246 307 911 859 202
964 745 233 955 3 111 730 551 877 816
625 42 112 772 942 97 664 615 356 29
114 406 128 923 144 73 503 175 604 789
400 10 10
450 883 971 812 910 881 756 739 618 145
416 721 134 506 187 884 886 776 996 773
654 811 838 699 321 999 784 264 631 922
708 330 967 936 406 941 771 882 719 686
920 905 602 853 889 837 737 547 955 533
990 679 914 754 861 713 322 233 972 904
621 805 553 964 238 984 823 588 498 596
290 876 903 969 998 87 607 264 509 872
967 617 998 980 885 744 974 471 499 517
511 862 902 582 902 556 962 556 839 328
359 241 652 184 647 835 550 127 168 26
227 183 126 81 99 674 462 56 945 562
143 712 501 684 70 264 727 171 329 851
529 32 896 797 109 782 458 605 682 329
349 756 390 278 267 341 707 98 811 145
957 86 123 76 593 221 183 103 794 862
563 778 279 222 121 966 267 195 444 273
25 801 901 516 987 67 51 89 153 257
461 324 721 925 787 288 934 239 342 109
483 229 142 327 844 459 647 463 299 27
618 10 4
811 1000 989 826
648 1000 911 991
947 807 711 912
720 896 447 684
885 835 683 912
678 916 960 965
691 751 804 679
952 796 906 700
690 674 781 832
825 815 715 371
525 1000 247 3
588 1 280 399
347 292 47 539
512 494 389 189
44 16 183 284
449 263 257 525
186 468 696 389
568 513 315 608
547 260 542 29
47 315 575 122
842 1 3
900 922 920
147 578 727
679 10 10
925 931 944 853 997 945 792 770 856 840
906 968 953 525 905 685 992 913 990 988
874 798 910 518 608 985 941 950 727 798
429 790 715 527 775 995 727 959 901 761
985 990 678 750 627 224 604 982 350 701
910 603 870 804 978 977 527 738 555 929
791 533 967 704 815 795 890 491 620 843
607 912 879 726 964 970 685 982 195 992
816 873 805 376 699 979 750 873 896 985
725 952 121 918 338 416 567 555 645 859
433 827 572 840 996 902 760 255 582 783
887 826 409 308 421 280 930 715 957 890
864 784 893 157 202 954 141 750 526 565
406 520 268 288 492 881 572 330 54 642
914 47 328 83 449 150 422 893 255 618
861 452 865 427 864 877 187 182 422 718
775 429 888 337 457 239 760 100 175 542
290 166 692 590 306 910 278 866 140 658
365 264 642 100 412 240 634 176 718 917
282 931 70 428 307 156 37 83 469 487
405 5 9
1000 770 1000 961 1000 608 1000 919 1000
822 978 620 302 997 398 785 721 852
566 890 677 960 966 340 658 162 803
526 656 968 493 618 224 711 808 699
1000 977 1000 896 1000 870 1000 467 555
1 770 1 70 1 569 1 410 1
248 977 171 298 737 395 295 705 168
382 875 537 956 269 312 336 113 587
431 624 94 488 16 224 328 796 303
1 215 1 856 1 124 1 453 334
474 10 10
780 632 827 706 259 799 621 994 976 878
927 677 489 978 317 832 757 992 644 450
783 956 726 807 746 636 954 891 850 431
967 926 914 296 888 865 997 497 637 610
609 984 959 951 953 992 690 906 996 917
484 628 748 971 950 455 947 597 646 40
963 992 545 978 972 577 683 912 648 990
953 890 951 836 764 884 556 786 607 964
996 498 790 982 960 920 712 587 934 863
379 584 858 635 732 969 404 585 625 244
691 323 801 230 47 695 505 403 467 332
599 637 432 969 203 160 676 655 308 73
465 792 564 790 376 522 813 206 93 197
277 782 189 23 561 553 918 64 243 511
326 465 579 879 918 984 342 633 981 730
455 278 682 598 898 246 450 416 472 31
839 827 22 197 467 247 480 644 569 789
914 392 817 322 644 483 275 733 315 828
991 53 302 982 896 687 443 118 884 612
315 96 496 593 325 943 197 232 2 160
761 10 10
811 824 966 707 876 960 844 928 362 842
900 809 982 880 993 908 820 998 909 724
977 963 434 679 905 825 778 802 853 957
855 856 937 673 989 459 482 583 755 566
748 573 699 247 925 716 678 442 767 801
664 985 854 850 920 574 382 982 790 778
915 890 585 347 918 950 983 988 939 701
995 638 892 783 811 675 350 738 974 998
859 376 565 819 1000 932 478 972 828 675
419 946 916 917 656 783 600 871 272 750
354 523 890 517 770 936 690 454 318 564
444 464 934 874 953 886 245 992 534 485
946 552 142 421 877 736 164 64 343 575
2 478 867 83 930 408 338 510 265 290
619 311 207 231 411 675 264 9 176 234
658 980 495 758 357 535 197 875 716 560
909 538 340 6 868 674 855 783 837 699
992 416 827 719 747 669 217 531 158 557
478 92 102 718 257 623 353 787 680 206
136 784 651 611 553 551 183 443 79 395
410 10 7
1000 450 1000 1000 1000 957 587
809 1000 320 1000 852 967 179
780 1000 147 1000 216 967 265
287 1000 826 1000 633 957 710
89 1000 747 1000 524 735 724
916 1000 1000 1000 815 897 669
237 1000 921 1000 94 850 798
610 1000 991 1000 855 991 908
70 1000 707 1000 768 903 892
135 1000 800 1000 977 533 804
1 30 400 1 1 147 565
808 1 271 1 825 583 161
751 1 106 1 175 859 236
286 1 805 1 624 59 689
41 1 728 1 513 428 705
877 1 1 1 778 306 647
201 1 887 1 56 627 602
606 1 946 1 852 988 597
30 1 677 1 765 881 617
92 1 798 1 948 484 416
721 6 6
1000 761 1000 1000 1000 937
159 1000 423 1000 228 867
372 1000 331 1000 847 947
123 1000 382 1000 879 835
538 1000 846 1000 27 937
370 1000 1000 1000 347 950
1 428 711 1 1 596
145 1 401 1 213 744
352 1 286 1 811 320
99 1 334 1 863 652
491 1 813 1 4 616
321 1 1 1 303 522
699 10 10
876 595 885 912 824 762 498 447 987 313
574 601 167 987 596 574 702 903 618 906
990 661 815 758 869 493 1000 887 887 820
413 473 836 918 725 895 961 449 624 554
588 945 795 982 820 845 996 771 978 399
375 531 741 803 880 733 736 621 902 511
914 957 396 396 624 787 623 818 774 978
802 706 900 695 858 797 387 629 48 222
970 862 844 493 852 927 969 735 731 987
855 882 668 802 701 773 244 726 880 658
459 431 617 626 17 213 477 225 948 242
56 430 35 935 211 251 604 800 429 858
273 547 281 492 303 473 902 868 86 638
290 471 119 816 696 144 446 421 261 118
348 799 542 888 820 539 412 353 631 30
192 350 410 53 529 571 357 332 634 54
743 914 304 188 138 350 232 381 434 933
382 549 717 252 450 154 248 452 37 189
156 206 169 279 842 772 313 561 414 730
571 249 654 721 589 567 117 641 257 376
416 10 10
856 621 602 839 676 344 778 646 934 911
760 479 638 850 873 839 969 799 788 639
883 673 654 864 996 822 491 639 945 926
997 983 618 900 547 836 978 795 769 745
239 945 886 831 522 194 702 693 939 768
562 996 997 709 840 833 692 765 741 763
562 810 908 749 211 754 730 819 705 780
983 761 420 891 948 859 516 795 494 828
818 461 897 642 396 990 552 938 358 860
672 790 329 634 890 980 252 825 453 362
505 598 509 616 171 321 441 636 897 854
174 377 521 641 868 710 519 644 737 315
729 182 319 270 891 181 391 417 449 184
993 981 552 416 141 107 895 187 730 296
124 854 39 129 30 73 557 236 110 747
90 715 464 659 630 55 224 619 638 657
410 392 296 425 161 157 57 550 475 470
900 561 2 851 629 10 22 732 380 778
655 141 508 450 376 790 255 470 232 599
369 601 8 59 144 631 121 242 296 91
283 10 10
728 904 650 793 873 984 816 905 910 960
770 384 629 763 575 813 241 631 924 387
881 955 628 536 707 874 868 490 594 957
690 840 309 759 427 838 618 1000 844 373
896 713 351 892 745 261 988 740 681 740
888 979 969 809 367 423 623 880 497 991
764 301 995 696 922 972 895 706 824 379
678 915 858 786 947 870 936 838 785 714
737 874 722 911 454 613 917 968 773 814
926 834 510 938 979 735 946 711 679 648
577 83 228 774 715 954 777 763 886 737
666 241 172 438 368 64 232 546 632 219
797 928 612 237 599 728 517 152 468 86
295 634 191 372 282 169 207 571 138 18
866 56 65 675 228 71 909 577 586 274
723 783 889 450 45 90 564 830 432 864
616 238 989 327 855 301 681 209 199 11
476 876 701 20 913 671 476 613 233 83
682 856 287 707 73 265 897 940 696 177
193 694 362 518 882 11 393 341 282 325
309 10 10
642 405 615 955 628 495 831 687 772 966
807 537 948 981 804 223 463 736 595 414
871 845 609 848 593 356 297 941 937 332
735 851 994 597 765 841 347 404 679 840
986 929 974 525 682 709 948 880 959 704
990 789 929 599 924 897 819 848 836 995
924 543 924 775 720 783 958 861 979 738
312 943 578 973 837 823 506 825 893 603
749 909 242 670 569 247 776 478 620 811
958 901 918 848 645 771 833 793 781 663
191 107 493 807 314 275 830 684 336 402
558 177 600 980 200 31 19 509 213 66
584 304 228 400 358 11 102 614 199 94
712 653 506 298 401 291 55 231 624 400
976 856 606 481 62 257 629 559 424 624
923 422 368 65 555 304 312 218 628 988
715 517 804 316 635 535 863 757 960 573
117 747 387 878 549 406 462 186 701 196
632 244 38 428 134 215 228 173 306 331
390 884 362 467 304 749 744 133 285 403
380 3 6
1000 745 980 980 592 995
722 741 603 687 923 947
499 399 830 753 835 610
1 125 862 387 168 342
617 76 496 128 64 821
489 223 261 611 472 172
493 10 8
1000 707 772 429 553 588 602 1000
236 612 922 434 267 746 120 752
1000 304 575 517 851 734 741 1000
829 494 319 59 822 977 786 987
1000 938 963 63 248 671 116 719
575 404 988 740 874 512 172 564
710 918 420 944 923 892 791 303
587 650 175 953 191 914 899 268
840 222 771 232 621 262 686 922
924 225 687 356 946 545 750 699
1 112 327 298 105 73 489 1
187 598 887 427 248 724 109 487
1 238 116 330 324 309 218 1
279 492 302 11 789 973 748 977
1 177 771 31 216 670 77 677
556 396 210 646 843 473 172 552
689 885 406 60 669 607 738 270
571 642 126 935 183 910 402 219
835 183 722 212 587 248 636 256
886 214 640 332 906 529 702 355
536 10 10
949 982 982 943 524 708 919 868 922 804
930 773 826 843 381 681 1000 985 580 542
976 783 261 995 783 463 658 882 161 914
833 923 996 420 852 796 822 654 401 708
519 383 714 689 641 460 686 997 977 727
966 943 888 768 628 655 970 898 988 878
979 957 600 980 191 902 794 979 386 830
937 629 740 688 644 738 762 961 628 647
454 272 682 614 800 957 861 821 907 827
579 954 984 672 560 927 866 948 993 941
152 934 632 566 421 617 376 557 363 603
714 253 484 536 146 313 995 423 321 201
661 721 212 375 207 158 593 703 34 22
749 41 931 415 485 697 784 635 397 274
337 328 192 357 532 460 64 411 976 302
792 127 516 581 178 117 682 796 947 801
882 452 443 57 91 130 391 813 288 572
338 331 692 243 630 468 426 160 484 220
451 110 271 154 360 727 697 67 887 798
408 730 887 511 44 299 150 570 576 879
783 7 4
1000 736 651 205
979 648 969 580
732 599 925 870
500 991 576 854
843 920 670 992
381 990 652 482
132 127 949 1000
1 115 173 172
516 502 68 48
83 386 681 225
105 46 493 794
422 706 99 278
340 217 386 301
130 82 362 772
164 5 2
1000 739
930 926
442 799
358 541
908 814
1 523
71 524
299 192
168 268
326 196
251 10 10
945 863 897 978 980 567 976 930 932 627
926 992 900 790 985 862 257 982 866 588
802 969 950 996 848 506 619 809 594 572
707 908 863 573 994 859 935 905 919 882
937 544 386 670 555 914 971 991 75 178
998 945 207 315 566 825 826 747 779 533
215 884 996 627 897 850 311 736 897 921
559 909 675 174 771 859 633 625 694 879
994 825 986 738 1000 845 475 389 544 986
716 827 984 625 330 588 945 602 963 940
612 372 585 977 972 214 802 844 802 151
872 825 662 476 921 822 95 730 825 177
191 598 915 409 848 395 175 61 312 453
433 137 171 558 991 143 827 877 843 809
843 307 52 558 38 893 636 349 28 154
991 903 2 39 63 806 624 626 398 283
193 609 974 81 518 723 139 724 403 473
54 721 525 2 581 352 263 262 328 488
729 448 834 575 508 404 28 42 254 408
579 775 960 579 265 532 627 211 854 835
573 10 10
928 418 999 547 718 599 356 911 645 401
830 840 587 814 712 780 657 937 987 818
528 556 521 871 764 971 129 851 822 977
867 645 854 561 850 553 816 952 979 541
389 755 751 731 641 642 750 729 873 749
917 711 993 938 755 296 343 378 933 762
939 458 897 954 572 667 777 999 821 874
618 933 996 970 837 242 994 542 910 822
972 437 540 920 253 743 879 797 827 751
942 484 946 577 918 924 992 914 803 1000
23 311 998 43 574 323 198 907 382 387
226 273 443 793 470 484 37 744 720 262
385 293 337 166 649 966 101 556 767 973
640 160 660 497 745 377 610 710 469 477
266 694 522 477 490 35 744 616 643 135
702 515 980 839 518 169 229 204 563 271
809 452 886 308 95 266 10 330 479 786
613 710 720 407 786 145 527 498 742 216
598 257 337 535 13 267 726 401 594 131
836 324 875 127 626 701 975 476 25 27
329 9 3
738 1000 519
359 1000 902
534 671 413
592 744 756
674 283 498
770 225 429
843 925 621
443 607 741
719 882 777
71 988 180
300 1 27
52 3 183
130 98 263
5 148 29
311 23 27
234 71 262
164 162 403
219 310 447
337 8 6
1000 496 1000 857 1000 997
936 791 878 511 956 144
914 409 967 452 992 714
348 238 932 41 751 849
375 247 895 691 150 698
894 309 944 65 277 981
892 221 957 528 360 454
1000 867 1000 300 605 725
1 469 1 62 1 981
188 752 17 509 874 96
86 393 761 403 34 541
122 207 203 10 740 217
94 243 744 654 105 168
308 278 774 18 254 4
608 220 325 492 325 361
1 241 1 259 570 166
712 10 10
990 971 987 781 705 494 964 749 751 977
341 946 825 704 572 773 976 863 637 278
878 743 372 959 958 930 825 863 790 876
885 816 655 741 789 758 629 964 985 599
923 788 975 656 689 906 321 916 776 314
595 646 888 980 197 930 450 867 542 844
856 436 843 995 848 596 184 541 560 875
956 763 518 748 147 734 861 423 384 665
773 504 958 228 749 935 674 910 615 850
506 396 680 437 958 952 787 824 794 933
877 520 176 586 79 442 711 579 561 938
115 69 246 258 391 342 859 679 410 134
472 253 178 845 454 264 599 523 396 654
179 755 554 456 591 750 516 473 536 135
221 557 99 640 199 545 58 636 84 278
515 88 732 74 123 608 143 359 89 792
787 368 634 158 764 95 166 208 112 869
644 385 344 84 29 70 562 362 296 616
306 19 948 73 465 206 120 598 211 486
259 375 457 367 607 825 748 87 224 779
549 10 10
1000 589 1000 1000 1000 993 424 201 429 307
993 1000 35 1000 983 887 734 932 927 677
505 1000 506 1000 927 664 757 329 97 564
416 1000 142 1000 762 907 724 851 772 496
203 1000 1000 1000 348 863 678 662 451 158
181 1000 281 1000 784 59 548 879 218 815
597 1000 844 1000 58 516 853 868 810 976
551 1000 503 1000 801 941 434 943 542 574
60 1000 651 1000 832 166 603 739 848 937
882 1000 553 1000 521 649 79 150 814 482
1 114 539 1 1 817 391 166 428 264
982 1 14 1 938 668 384 911 925 674
481 1 458 1 903 631 520 318 74 554
371 1 96 1 749 876 251 805 760 483
189 1 1 1 340 852 422 151 434 124
181 1 262 1 784 35 515 445 203 772
574 1 811 1 53 483 806 745 396 512
525 1 463 1 757 910 420 911 500 267
50 1 610 1 814 129 597 729 847 244
846 1 553 1 494 605 38 102 785 393
493 9 6
1000 842 925 519 500 750
888 566 503 367 504 835
791 503 822 798 577 924
447 620 548 868 670 766
874 619 851 574 894 501
937 955 883 979 950 378
224 808 844 921 941 586
153 240 787 870 900 442
958 220 998 820 879 955
1 325 422 494 485 702
252 200 108 275 289 812
7 405 63 287 424 454
39 384 29 354 486 330
96 449 154 138 246 408
926 523 499 807 770 155
185 519 441 550 681 75
113 230 568 613 232 216
910 215 282 744 582 426
54 10 10
486 595 862 772 358 693 900 956 625 982
859 949 792 646 616 664 213 808 398 642
966 730 976 981 901 993 751 619 431 908
866 872 598 638 911 612 853 953 586 929
506 780 367 947 818 627 1000 238 640 894
793 999 632 596 663 872 754 982 883 385
844 592 592 875 812 706 860 195 989 994
1000 836 896 943 987 820 710 930 860 654
585 935 445 436 888 818 617 546 839 858
999 830 416 235 890 723 923 269 890 956
106 81 693 658 253 157 835 76 599 967
765 426 623 482 589 570 184 194 282 519
140 154 130 557 216 580 350 615 116 539
543 827 70 305 870 531 850 688 266 437
471 165 222 2 226 187 1000 198 384 361
30 967 203 494 601 377 230 947 672 25
841 369 576 337 733 565 510 32 888 980
968 263 248 443 506 466 383 893 806 269
66 379 67 363 868 109 90 202 65 271
350 179 29 42 871 116 495 215 451 695
88 10 10
982 963 701 946 880 694 898 906 686 948
822 993 991 686 656 992 333 554 354 790
925 658 998 814 775 866 687 41 538 683
345 985 990 561 382 981 801 952 963 390
892 974 577 850 688 347 974 956 781 963
954 785 983 937 945 488 285 789 671 717
917 909 831 940 937 839 766 498 616 991
867 994 664 974 757 789 983 823 771 945
676 571 386 786 790 205 849 611 810 454
868 557 864 948 988 583 978 399 874 952
836 262 694 879 426 427 640 397 240 283
255 902 444 401 101 706 298 278 88 759
837 531 71 205 61 822 423 18 435 408
345 943 114 199 249 66 280 743 228 12
730 955 540 70 34 93 941 852 725 607
931 718 972 912 908 185 130 76 468 324
391 839 40 737 878 567 718 178 96 592
556 344 278 14 397 726 928 281 610 203
252 291 284 362 293 86 439 215 616 373
620 503 103 866 881 190 948 157 845 261
182 10 10
719 710 641 891 846 686 818 979 997 766
579 442 992 149 999 796 759 817 567 944
767 547 896 349 878 804 942 815 904 872
580 701 764 918 933 974 999 971 867 999
982 902 998 797 877 196 853 767 804 847
174 529 978 342 835 667 985 464 807 725
979 979 848 846 281 839 858 755 730 960
962 560 389 923 986 487 606 606 920 207
959 346 909 710 471 973 323 570 826 896
628 893 882 268 978 975 730 822 742 709
286 196 622 684 708 593 662 896 898 571
140 105 587 27 982 329 716 689 320 896
767 136 426 69 720 548 829 609 227 67
502 3 302 713 766 968 993 664 686 992
722 876 972 237 823 109 834 245 506 692
6 507 713 259 74 508 951 227 570 471
686 772 41 621 199 165 322 281 196 785
762 125 378 337 950 227 192 379 886 27
789 37 573 496 370 919 275 362 745 303
40 328 567 256 957 911 180 155 638 63
870 10 10
920 850 782 414 720 578 964 772 833 1000
691 775 792 860 460 823 736 424 847 685
968 499 382 465 720 432 978 858 804 392
786 900 354 911 523 852 899 570 659 952
798 789 874 967 699 898 671 888 881 348
941 941 753 676 634 367 906 418 949 331
957 969 873 544 908 304 995 649 825 725
629 326 760 704 627 551 679 923 596 482
706 980 964 705 968 939 403 984 927 945
942 971 76 679 744 876 754 156 509 664
795 368 663 212 526 575 439 122 446 981
595 48 302 460 431 776 66 309 558 224
791 89 52 50 566 379 853 455 62 349
535 666 242 37 197 585 405 569 645 116
449 722 583 297 442 488 630 280 831 21
565 15 11 195 264 246 467 377 818 46
687 938 390 538 879 103 228 412 548 532
539 252 742 406 513 521 623 601 379 297
666 701 861 704 381 935 40 627 844 28
836 932 22 599 257 658 495 101 173 132
188 7 9
670 62 391 949 810 419 827 680 1000
878 884 712 672 971 872 599 703 1000
1000 961 920 630 414 578 691 790 1000
975 155 508 626 422 424 379 141 938
1000 881 691 978 801 769 584 895 114
471 168 677 652 361 369 671 882 608
310 653 847 461 173 825 414 989 796
8 6 6 340 173 288 73 455 1
649 883 664 643 941 872 568 663 628
1 586 414 350 180 230 464 150 1
870 142 496 614 397 406 340 130 922
1 235 631 52 536 135 567 886 82
425 148 675 639 342 302 262 410 127
309 643 811 433 154 789 402 986 248
845 10 10
986 750 401 612 726 554 795 912 848 526
938 960 962 92 451 997 970 653 992 909
306 951 673 663 848 995 994 854 371 746
818 968 994 952 391 798 734 736 925 924
776 739 919 695 881 991 688 364 710 830
756 548 939 962 753 728 247 990 302 832
845 755 882 795 941 555 540 999 722 209
619 746 851 970 934 774 920 822 981 873
984 934 956 964 974 493 761 963 822 981
603 780 601 876 220 612 685 937 967 654
859 733 176 513 1 482 792 902 199 457
816 315 955 22 431 984 858 568 969 756
157 879 62 352 821 994 818 814 356 505
686 712 827 928 230 492 273 686 765 298
197 724 759 137 725 944 481 305 326 559
268 293 845 227 15 132 166 576 96 423
704 582 245 654 822 478 531 980 100 156
431 676 845 82 658 515 426 580 283 870
956 897 820 446 784 384 591 755 438 576
357 399 588 359 129 29 278 921 801 73
139 8 10
1000 656 1000 910 1000 362 1000 664 1000 553
675 644 915 310 850 397 846 639 985 923
738 501 740 542 281 221 986 875 950 962
988 621 861 599 738 655 735 105 945 968
917 452 944 941 905 66 703 956 249 944
829 564 679 869 861 965 997 318 298 998
988 637 680 304 827 241 990 673 824 953
1000 896 1000 445 1000 637 1000 400 658 911
1 608 1 174 1 350 1 216 1 532
227 617 333 278 82 371 47 626 687 901
289 485 105 517 88 197 15 854 804 954
672 599 616 586 46 636 219 86 659 720
622 406 126 920 580 44 262 947 218 504
421 553 623 831 733 920 399 292 287 279
241 599 392 298 165 240 874 663 782 717
1 419 1 414 1 103 1 354 656 290
406 3 8
1000 74 680 839 774 236 706 114
171 1000 824 508 705 475 512 823
286 754 405 980 935 759 731 936
1 10 547 613 640 52 245 10
47 1 260 453 380 27 311 517
54 188 330 266 658 31 385 572
921 8 8
1000 961 1000 1000 1000 887 875 60
151 1000 692 1000 595 353 921 498
744 1000 115 1000 559 564 895 274
377 1000 460 1000 822 132 787 672
879 1000 988 1000 506 978 930 870
572 1000 1000 1000 945 480 898 473
604 1000 411 1000 663 209 915 889
668 1000 55 1000 241 961 84 984
1 701 911 1 1 745 669 53
137 1 691 1 575 334 637 491
711 1 111 1 535 530 151 244
350 1 432 1 802 127 721 664
852 1 984 1 490 954 197 867
529 1 1 1 902 431 704 460
573 1 397 1 634 172 822 414
633 1 18 1 231 920 56 79
752 7 10
1000 792 1000 1000 1000 972 355 41 955 744
644 1000 972 1000 715 967 906 948 866 495
427 1000 929 1000 851 627 132 995 985 968
872 1000 844 1000 658 425 112 474 385 733
640 1000 1000 1000 139 667 700 108 893 788
487 1000 130 1000 703 407 179 420 880 170
207 1000 276 1000 720 998 72 460 844 761
1 605 742 1 1 914 336 8 940 737
633 1 945 1 714 379 723 710 397 491
400 1 899 1 846 598 119 980 672 634
836 1 814 1 611 414 77 449 366 399
628 1 1 1 106 626 670 74 863 5
479 1 94 1 657 374 162 381 842 14
174 1 264 1 696 952 33 432 829 2
700 10 6
1000 358 817 202 899 651
581 1000 954 617 250 806
217 316 773 350 664 296
575 407 890 260 551 766
78 139 884 850 696 305
520 778 877 884 890 361
780 822 271 890 761 862
64 766 878 670 932 830
373 727 472 457 968 887
619 683 782 99 794 961
1 200 316 86 393 77
112 1 672 370 6 292
45 13 189 267 594 120
198 194 50 137 305 7
14 59 19 656 457 25
384 95 533 639 203 72
163 133 23 391 517 637
6 489 495 99 296 298
251 577 123 30 254 98
473 530 475 43 325 520
293 4 1
543
358
711
662
188
216
52
250
818 7 5
979 1000 558 863 1000
921 831 275 640 816
1000 835 895 503 1000
764 871 441 533 553
1000 786 247 855 855
933 774 899 765 341
139 359 492 972 832
911 1 238 122 1
204 807 229 632 519
1 679 313 263 1
395 853 430 519 539
1 360 199 826 807
896 659 328 108 338
127 331 483 335 727
609 4 6
711 1000 783 826 469 647
167 432 915 926 349 373
464 308 695 449 488 920
456 336 476 996 910 937
32 962 197 638 170 21
117 101 199 51 92 206
379 235 530 7 52 594
10 44 33 386 307 765
219 9 1
270
219
219
219
219
219
219
219
219
32
89
89
89
89
89
89
89
89
578 10 10
970 765 919 895 900 963 616 845 894 729
902 456 924 794 891 918 889 484 813 765
306 976 964 902 997 513 875 997 959 602
266 878 809 537 686 944 822 797 700 793
812 752 906 467 504 679 745 928 761 957
615 767 870 637 410 606 916 937 789 856
918 968 757 869 493 667 856 137 591 963
477 399 209 560 928 964 677 481 912 457
533 756 84 679 982 947 764 53 917 648
996 836 960 203 833 772 843 926 481 448
692 518 273 837 893 941 531 747 859 401
722 269 736 582 761 325 867 216 449 223
208 896 831 458 984 369 554 976 813 402
29 111 294 128 83 787 653 732 28 524
461 419 881 219 45 619 593 672 759 685
77 483 857 358 328 598 682 315 465 608
296 934 658 830 235 86 313 52 9 780
405 95 96 1 189 421 269 293 401 246
419 528 69 651 546 574 510 37 781 356
996 805 641 77 784 211 17 660 318 347
397 5 9
1000 48 1000 743 1000 249 1000 930 1000
963 259 860 664 512 507 907 993 787
891 658 310 661 982 553 743 114 538
747 871 666 129 962 327 814 723 573
1000 946 1000 458 1000 955 1000 496 484
1 44 1 164 1 224 1 176 1
425 257 225 642 448 494 289 988 359
499 644 236 640 413 528 579 76 382
642 835 7 102 683 323 676 681 392
1 174 1 436 1 716 1 485 235
100 7 8
1000 238 1000 899 1000 346 690 416
559 99 713 871 760 195 382 546
722 164 965 589 916 540 759 86
754 74 755 436 862 743 94 312
860 41 794 530 999 52 329 166
914 433 978 350 829 296 636 87
1000 919 1000 585 1000 820 1000 560
1 220 1 261 1 338 661 392
197 98 430 866 391 179 338 517
241 148 37 570 702 531 738 86
472 54 692 428 27 725 52 300
215 29 275 484 677 7 288 148
734 391 686 301 174 270 618 40
1 122 1 561 1 605 1 408
